0	385
0	386
0	395
9	48
9	75
13	15
13	83
14	54
14	147
16	17
23	4446
24	4461
25	59
26	94
26	131
26	139
26	203
30	123
30	140
35	36
35	141
35	142
36	37
36	38
36	39
36	141
36	157
37	157
38	39
41	58
41	167
41	218
42	167
43	94
43	163
45	46
45	47
45	171
46	47
46	184
48	75
49	4448
50	205
52	111
54	147
55	88
56	119
56	152
56	175
56	198
57	98
57	2562
58	167
60	154
61	205
63	68
66	69
68	69
68	979
68	4893
69	1030
69	1052
69	2344
74	98
76	86
76	185
80	199
80	989
81	2562
83	221
84	4446
84	4461
85	4448
86	185
87	88
87	89
88	90
88	172
88	178
88	195
90	172
90	178
91	4446
92	123
94	131
98	125
98	135
98	205
101	123
102	140
103	153
105	184
105	1030
106	186
108	207
108	4120
111	148
111	192
111	204
112	113
113	129
115	205
116	117
116	118
116	207
116	522
119	175
122	123
123	140
124	153
124	173
124	194
126	129
127	129
128	129
129	207
129	235
129	4112
132	4461
133	2562
138	139
138	140
138	143
138	150
138	4882
139	140
140	186
141	142
143	234
146	153
149	198
152	198
153	154
153	156
153	157
153	158
154	155
154	157
154	159
154	173
157	193
157	783
163	191
168	170
182	184
183	184
184	200
184	997
188	205
195	204
198	200
205	207
206	207
210	211
210	212
210	213
238	252
239	240
240	316
240	337
241	351
242	284
242	363
242	365
242	366
243	342
243	355
244	335
245	247
246	257
246	298
246	371
246	378
246	3316
249	250
249	280
249	305
249	312
249	313
251	252
251	289
251	319
251	322
251	367
251	370
252	253
252	289
252	322
252	376
253	337
253	4362
254	284
254	329
255	285
255	299
257	259
257	310
257	360
257	368
257	381
258	299
258	306
258	311
260	350
260	369
260	382
260	1447
260	4121
261	262
261	267
261	334
261	511
261	551
264	334
265	308
266	350
269	346
269	362
270	274
272	274
273	274
274	275
274	325
274	362
276	351
277	342
278	298
278	378
279	280
279	282
279	295
279	302
279	313
280	305
280	312
280	313
281	334
282	284
282	295
282	302
282	313
283	284
284	296
284	302
284	305
284	313
285	306
285	316
285	337
285	1178
290	336
290	4435
292	362
293	298
295	296
295	302
295	313
297	308
297	340
297	341
298	299
298	335
299	316
299	362
301	302
302	313
304	305
305	306
305	312
305	313
306	316
308	323
308	340
309	353
309	358
310	311
311	344
311	345
312	313
315	316
316	337
317	1119
318	336
319	320
319	322
319	370
321	4341
331	340
331	380
332	353
332	355
334	352
335	373
336	337
336	338
337	941
340	341
342	343
342	355
347	352
348	352
349	350
350	369
351	352
353	354
353	355
353	374
353	4425
354	4425
355	356
360	381
361	362
363	364
367	370
371	378
375	378
383	384
383	429
383	445
383	454
383	455
383	462
384	393
384	426
384	447
385	386
385	2307
386	387
386	446
386	2307
388	430
389	2282
390	391
391	392
391	394
391	409
391	423
392	402
392	406
392	425
392	436
393	395
393	396
393	447
393	2223
395	419
395	2213
395	2393
396	397
396	398
396	399
396	400
396	420
396	2231
396	2283
401	402
402	403
402	411
402	436
402	439
404	405
404	460
405	406
405	431
405	457
405	460
408	437
408	451
408	456
408	971
409	431
413	414
413	415
413	452
413	459
413	462
413	464
413	468
414	425
416	417
416	430
416	444
416	450
416	469
420	421
420	426
420	2283
423	430
424	425
425	426
425	2549
426	427
426	447
426	3321
426	3987
428	452
430	441
430	469
431	432
431	433
431	472
434	435
435	461
435	1297
454	455
454	470
457	460
459	462
474	481
474	4173
475	4446
477	484
479	481
480	493
481	491
481	4111
482	485
483	484
484	485
484	493
484	496
485	486
485	489
485	498
488	1201
490	2426
490	2542
490	2543
490	2680
490	2799
490	2834
490	2835
490	2836
490	2949
492	493
493	3352
493	4446
495	496
496	499
500	501
501	549
501	570
502	504
503	504
504	556
504	564
505	548
505	551
506	539
506	546
507	539
507	546
510	561
511	512
511	513
511	534
511	538
511	550
511	551
511	4152
514	4458
516	520
517	520
518	520
519	520
521	522
521	828
521	832
521	4448
521	4458
523	524
523	525
523	532
525	530
526	527
526	532
532	533
532	556
532	564
532	568
532	573
534	538
538	551
539	540
539	542
539	543
539	544
540	569
541	569
542	550
543	561
544	545
544	561
544	566
544	4224
546	553
546	554
546	559
547	548
548	549
548	551
548	552
548	568
550	551
552	555
553	555
554	555
560	561
561	2538
564	1482
564	4211
567	568
569	570
569	4458
570	992
570	4164
575	657
575	660
578	594
579	702
580	720
580	725
582	583
582	584
582	612
584	585
584	652
584	667
584	672
584	680
585	614
587	618
587	624
587	669
587	679
587	703
589	590
589	591
589	594
589	692
592	597
594	595
594	596
594	628
594	705
597	598
597	599
597	600
597	601
597	602
597	620
597	657
603	604
604	605
604	606
604	657
604	691
605	658
607	610
608	609
609	610
609	657
609	662
610	722
612	613
612	640
612	700
612	795
613	614
614	619
614	636
615	616
616	639
616	725
617	618
618	668
621	622
622	653
624	655
624	668
624	708
628	658
631	632
632	634
632	639
632	655
632	668
632	689
632	718
633	634
634	725
635	636
637	671
637	709
637	713
637	728
638	639
639	653
639	681
639	685
639	725
640	641
642	658
644	687
649	650
650	725
651	653
652	680
652	726
653	685
653	725
654	655
655	669
655	689
656	658
657	696
658	712
658	738
666	692
667	668
667	680
667	726
668	718
671	713
672	673
672	674
675	702
677	720
677	725
678	679
680	681
680	683
680	693
680	726
681	685
681	687
681	702
681	708
684	685
686	687
688	689
689	732
692	694
692	3769
694	695
694	726
701	702
702	734
715	716
716	720
717	718
719	720
720	727
721	722
722	723
724	725
725	726
726	3781
737	738
739	740
740	748
740	757
740	791
740	815
742	759
742	762
742	779
743	744
743	760
743	777
743	804
744	746
744	802
744	815
744	1230
747	780
748	750
748	751
748	775
748	805
749	805
750	753
750	757
750	776
753	2414
754	803
756	757
756	787
757	791
758	813
759	760
759	762
759	778
759	1124
761	762
762	778
763	777
763	814
763	815
766	803
767	771
768	772
770	771
771	773
771	786
772	823
772	824
777	2417
780	783
780	784
780	789
780	799
780	803
782	803
783	791
783	800
787	791
787	803
788	789
791	803
791	1488
792	793
793	794
793	811
793	941
793	1214
794	804
795	796
795	808
795	2779
800	801
800	1230
800	1257
802	2207
803	807
804	1402
809	822
810	811
811	822
811	1031
811	1124
815	816
822	1124
826	829
827	828
828	837
829	834
829	836
831	832
831	855
831	867
831	868
831	869
831	895
831	903
831	904
831	905
831	906
831	910
831	919
833	834
833	854
833	862
833	866
833	874
833	891
837	853
837	871
837	872
837	4458
838	853
842	4179
843	861
843	862
843	863
843	4457
846	847
846	860
846	880
846	884
846	900
846	1162
847	848
848	879
848	886
848	887
848	888
848	889
849	855
849	907
849	908
849	909
850	854
850	898
852	853
852	865
852	873
852	900
852	902
854	859
854	861
854	864
854	881
854	891
855	856
855	860
856	4458
857	902
858	885
859	860
859	864
859	881
859	883
864	883
864	921
865	873
869	895
869	899
871	885
871	928
872	929
874	885
874	897
874	901
875	876
875	878
875	881
875	893
878	892
878	928
878	929
878	930
881	891
882	883
883	884
885	928
890	902
890	929
895	896
895	897
901	928
902	928
902	929
902	931
928	929
929	2857
933	1014
934	969
935	969
936	941
937	938
937	954
937	1010
937	1050
939	940
939	956
939	961
939	984
940	1016
940	1036
941	942
941	994
941	4408
943	944
943	1003
943	1005
943	1028
944	945
944	995
944	1028
945	1006
948	949
948	950
948	964
948	1047
949	951
949	962
949	1043
949	3308
950	951
950	970
950	1034
951	971
951	978
951	1000
952	953
952	1023
952	1024
953	983
953	1011
953	1052
954	1050
955	983
956	957
956	1015
956	1050
958	993
958	1049
959	1006
962	993
963	991
963	1013
963	1030
965	1021
966	997
968	1006
968	1057
969	995
969	1021
970	971
970	996
971	1026
971	1037
971	2674
972	973
973	1021
974	1023
975	1010
976	1034
977	992
977	1047
978	1005
979	980
984	985
984	1050
987	989
989	997
991	1011
992	993
992	998
992	1047
993	1049
993	2151
995	1028
997	1006
997	1057
998	1034
1000	1026
1002	1005
1004	1028
1005	1007
1005	1008
1005	1009
1005	1014
1005	1026
1005	1037
1005	1049
1006	1057
1006	1442
1010	1011
1010	1056
1016	1017
1018	1019
1018	1022
1018	1046
1019	1022
1019	1031
1019	1046
1019	1050
1020	1021
1022	1046
1022	1050
1022	1059
1023	1050
1023	1059
1024	1050
1024	1059
1025	1026
1026	1043
1026	1045
1030	1038
1030	1039
1030	4894
1031	1032
1031	1046
1032	1052
1034	1035
1034	4128
1035	1049
1046	1059
1050	1052
1059	1468
1060	1061
1060	1062
1060	1097
1060	1542
1061	1444
1062	1444
1063	1065
1063	1160
1063	1331
1063	1625
1063	1809
1065	1091
1065	1119
1068	1419
1069	1070
1069	1196
1069	1197
1069	1497
1069	1498
1069	1566
1070	1269
1070	1371
1072	1191
1072	1208
1072	1280
1072	1314
1072	1469
1072	1554
1073	1192
1074	1159
1074	1506
1075	1905
1077	1224
1078	1111
1078	1244
1078	1306
1078	1313
1078	1459
1080	1334
1082	1224
1082	1510
1082	1728
1082	1750
1083	1446
1083	1503
1084	1098
1084	1224
1085	1086
1085	1087
1085	1351
1085	1420
1085	1478
1086	1088
1086	1091
1086	1097
1087	1088
1087	1220
1087	1223
1088	1091
1088	1401
1089	1446
1090	1091
1090	1108
1090	1165
1090	1496
1090	1630
1090	1959
1090	2017
1091	1092
1091	1166
1091	1353
1091	1429
1091	1504
1091	1525
1092	1488
1093	1094
1093	1095
1093	2096
1093	2135
1094	1447
1095	1386
1095	1446
1095	2071
1095	2091
1095	2159
1096	1097
1097	1343
1097	1379
1098	1099
1098	1490
1098	1677
1098	1713
1098	1914
1100	1101
1100	1276
1100	2062
1100	2176
1100	2179
1102	1103
1102	1226
1102	1338
1103	1143
1103	1442
1104	1460
1104	1556
1104	1753
1104	2121
1105	1106
1105	1145
1105	1179
1105	1666
1105	1948
1106	1136
1106	1143
1106	1180
1106	1249
1106	1323
1106	1810
1106	1877
1107	1137
1107	1267
1107	1365
1109	1471
1111	1459
1113	1116
1116	1453
1116	1454
1116	1499
1116	1552
1117	1189
1117	1436
1117	1461
1117	1463
1117	2195
1118	1119
1119	1176
1119	4437
1123	1243
1123	1313
1123	1459
1124	1576
1124	2021
1128	1353
1128	1401
1129	1226
1131	1243
1131	1308
1131	1330
1131	2557
1133	1242
1133	1323
1133	1609
1134	1416
1134	1531
1135	1451
1136	1137
1136	1138
1136	1139
1140	1301
1140	1332
1140	1345
1140	1361
1140	1458
1140	1486
1140	1619
1140	1620
1142	1474
1142	1874
1143	1434
1143	1622
1145	1491
1147	1148
1147	1166
1147	1207
1147	2063
1147	2064
1148	1167
1148	1340
1148	1452
1151	1335
1151	1356
1151	1473
1151	1489
1151	1530
1152	1170
1152	1357
1154	1197
1155	1156
1156	1161
1156	1221
1156	1260
1156	1306
1156	3797
1157	1326
1158	1159
1158	1505
1158	1684
1158	1770
1158	1905
1159	1166
1159	1170
1159	1322
1159	1416
1159	1506
1161	1260
1162	1163
1162	1241
1162	1517
1162	1641
1163	1299
1164	1435
1164	1865
1164	2184
1164	2189
1165	1166
1165	1777
1165	2015
1166	1167
1166	1168
1166	1413
1166	1438
1166	1525
1167	1244
1167	1541
1170	1171
1170	1175
1170	1201
1170	1309
1170	1486
1170	1531
1171	1403
1173	1468
1173	1484
1173	1486
1173	1487
1173	1531
1173	1649
1175	1201
1175	1467
1176	1504
1177	1178
1177	1265
1183	1467
1184	2447
1185	1442
1188	1189
1190	1191
1191	1192
1191	1246
1191	4401
1192	1330
1193	1528
1194	1195
1195	1416
1195	1452
1195	1521
1196	1197
1199	1348
1201	1309
1203	1364
1204	1488
1206	1207
1206	1359
1206	1705
1206	1866
1206	1989
1206	2037
1207	1705
1209	1309
1209	1467
1210	1211
1216	1512
1218	1247
1218	1385
1218	1450
1218	1687
1219	1407
1219	1417
1219	1689
1219	1767
1219	1912
1223	1524
1224	1225
1224	1262
1224	1432
1224	1594
1224	1647
1224	1727
1224	1799
1224	2194
1225	1326
1227	1231
1228	1231
1229	1524
1230	1231
1231	1488
1232	1239
1234	1461
1235	1236
1235	1577
1235	1723
1235	1902
1237	1334
1238	1239
1239	1329
1239	1483
1241	1641
1242	1291
1242	1726
1242	1995
1243	1267
1243	1308
1243	1383
1243	1423
1244	1267
1244	1306
1244	1365
1244	1507
1245	1505
1250	1289
1250	1501
1252	1343
1256	1326
1257	1258
1257	1292
1257	1353
1257	1402
1257	1992
1258	1488
1266	1267
1267	1313
1267	1459
1268	1269
1268	1410
1268	1472
1268	1776
1268	2182
1272	1273
1272	1274
1272	1586
1272	1626
1272	1928
1273	1361
1275	1307
1276	1277
1276	1278
1278	1279
1278	1435
1278	1489
1278	2120
1279	1309
1279	1463
1280	1281
1280	1523
1280	1786
1281	1313
1284	1474
1284	1526
1284	1684
1284	1835
1286	1300
1287	1289
1288	1289
1289	1934
1294	1306
1296	1350
1296	1426
1296	1629
1298	1299
1298	1302
1298	1532
1298	1562
1298	1805
1298	2158
1299	1329
1299	1805
1300	1301
1300	1807
1305	1306
1306	1433
1307	1308
1307	1415
1308	2594
1308	4850
1309	1310
1309	1316
1309	1436
1309	1814
1309	2138
1309	2139
1309	2185
1310	1540
1311	1312
1311	1446
1311	2036
1311	2191
1311	2192
1313	1443
1316	1467
1317	1406
1317	1819
1321	1412
1321	1505
1321	1522
1322	1416
1323	1338
1323	2097
1323	2098
1324	1365
1326	1328
1326	1424
1326	1579
1326	1580
1326	1821
1327	1433
1329	1330
1329	1483
1331	1634
1332	1345
1333	1334
1333	1346
1333	1631
1333	1677
1333	2016
1334	1369
1334	1396
1334	1438
1334	1502
1334	1506
1334	1515
1335	1356
1338	1831
1339	1340
1342	1343
1342	1364
1342	1427
1342	1508
1342	1860
1345	2180
1347	1461
1347	1842
1348	1349
1348	1426
1348	1449
1352	1435
1352	1466
1353	1379
1353	1859
1356	1357
1356	1489
1356	1558
1356	2007
1356	2120
1359	1719
1359	1867
1359	2044
1360	1361
1360	1775
1360	1929
1360	1950
1360	2607
1361	1487
1361	1864
1362	1371
1365	1373
1365	1500
1367	1388
1367	1400
1367	1624
1371	1403
1371	1445
1372	1451
1376	1422
1377	1406
1378	1593
1378	2104
1382	1383
1383	1476
1386	1387
1386	2096
1386	2159
1388	1399
1389	1478
1390	1439
1399	1400
1400	1401
1400	1852
1403	1540
1403	1541
1405	1406
1406	1422
1410	1419
1410	1498
1410	2113
1412	1505
1413	2193
1415	1416
1415	1522
1415	1844
1415	1874
1416	1920
1418	1419
1419	1453
1419	1454
1419	1923
1419	1963
1421	1422
1422	4166
1434	1930
1435	1436
1435	2184
1436	1462
1436	1463
1438	1811
1439	1440
1439	1526
1439	1884
1441	1442
1441	1794
1442	1537
1442	1548
1442	1987
1444	1445
1446	1447
1446	2077
1447	2195
1448	1461
1451	1472
1451	2118
1452	1541
1453	1456
1458	1952
1459	2502
1460	1461
1460	2072
1460	2073
1460	2074
1460	2081
1460	2095
1460	2105
1460	2123
1460	2144
1461	2124
1461	2125
1462	1463
1463	1953
1465	1466
1466	1908
1466	2157
1467	2138
1468	1484
1468	1748
1468	1954
1468	2188
1472	2128
1472	2129
1473	1530
1474	1475
1477	1478
1478	2050
1478	2086
1478	3797
1484	1485
1484	2157
1487	1531
1488	4166
1489	2120
1489	2139
1489	2179
1491	1621
1491	1760
1491	1984
1492	1493
1492	1565
1492	1710
1492	1986
1494	1523
1499	4210
1502	1999
1506	1507
1506	1512
1506	1514
1506	1818
1506	2202
1512	1513
1512	2020
1515	1818
1516	1925
1516	2027
1522	1844
1523	1979
1523	2031
1524	1525
1524	1632
1524	1949
1526	1926
1528	1529
1528	1694
1528	1695
1528	1762
1528	2126
1530	1531
1530	1533
1530	1536
1530	2076
1530	2173
1532	2158
1536	2176
1544	1547
1547	1595
1547	1638
1547	1708
1547	1733
1547	1744
1549	1782
1550	1622
1554	1653
1554	1670
1554	1720
1554	1740
1554	1839
1554	1890
1554	1957
1554	2142
1562	2158
1563	1689
1571	1728
1572	1685
1575	1685
1577	1631
1584	1599
1584	1855
1584	1856
1584	1951
1584	2000
1584	2012
1589	1599
1591	1622
1600	1601
1600	1922
1600	2097
1600	2098
1602	2151
1605	1699
1605	1820
1605	2043
1609	1725
1609	2065
1622	1623
1622	1692
1623	1662
1623	2014
1623	2115
1638	1930
1642	1689
1648	1807
1649	1752
1649	2068
1653	1742
1653	1790
1653	2038
1653	2039
1655	1897
1656	1897
1658	1786
1669	1670
1670	1685
1673	1897
1676	1677
1680	1734
1685	1786
1685	1878
1687	1688
1687	1897
1687	2167
1689	1714
1689	1857
1689	3798
1694	1731
1698	1776
1699	1776
1708	1733
1721	1930
1724	1795
1725	1945
1727	1778
1749	1822
1761	1999
1776	1886
1776	1962
1786	1907
1786	2041
1786	3308
1795	1976
1800	1807
1814	2185
1824	1914
1832	1930
1842	2122
1855	2000
1863	1933
1897	1950
1897	2839
1908	2062
1917	1999
1922	2151
1928	2003
1928	2177
1930	2196
1933	1934
1933	1935
1933	1944
1933	2116
1943	1999
1945	2089
1945	2114
1945	2148
1953	2056
1953	2137
1953	2140
1953	2143
1953	2187
1968	2126
1999	2026
2054	2151
2055	2081
2073	2108
2137	2140
2206	2382
2219	2373
2219	2397
2221	2222
2221	2223
2221	2232
2221	2261
2221	2295
2221	2376
2221	2402
2221	2403
2221	2405
2222	2223
2222	2224
2222	2229
2222	2321
2222	2418
2223	2229
2223	2235
2223	2383
2223	2405
2224	2321
2231	2347
2231	2357
2232	2405
2233	2409
2235	2262
2235	2298
2235	2309
2235	2328
2235	2383
2236	2238
2237	2238
2238	2291
2242	2249
2244	2332
2246	2388
2248	2249
2248	4536
2249	2251
2249	2252
2249	2253
2249	2370
2249	4652
2255	2327
2258	2262
2259	2262
2260	2262
2262	2298
2262	2364
2267	2269
2267	2270
2267	2333
2267	2381
2268	2382
2278	2320
2279	2414
2281	2282
2282	2283
2282	2284
2282	2302
2282	2304
2282	2375
2283	2284
2285	2392
2289	2382
2294	2332
2294	2382
2295	2405
2296	2298
2297	2298
2298	2343
2298	2369
2308	2388
2309	2383
2309	2388
2312	2364
2314	2321
2318	2327
2319	2321
2320	2321
2321	2322
2321	2323
2321	2324
2321	2393
2327	2329
2327	2380
2327	2420
2328	2329
2328	2383
2330	2405
2331	2392
2332	2373
2332	2389
2333	2381
2341	2382
2342	2363
2353	2382
2353	2388
2363	2365
2368	2377
2373	2397
2376	2403
2380	2388
2381	2382
2382	2383
2382	2384
2382	2385
2382	2419
2387	4660
2392	2393
2397	2398
2397	2399
2397	2400
2409	2410
2409	4649
2409	4749
2409	4753
2413	2414
2414	4695
2423	4491
2425	2459
2425	2519
2426	2485
2426	2655
2428	2489
2428	2586
2428	2656
2429	2617
2430	2595
2434	2471
2434	2524
2434	2588
2434	2623
2434	2624
2434	2662
2434	2698
2434	2701
2434	2702
2435	2490
2436	2586
2437	2439
2438	2439
2439	2449
2439	2529
2439	2596
2439	2631
2439	2633
2439	2683
2439	2991
2440	4458
2441	2443
2442	2443
2443	2521
2443	2616
2444	2681
2444	2685
2444	2707
2444	3094
2446	2559
2447	2457
2447	2814
2447	2967
2448	2597
2450	2451
2450	2576
2450	2717
2450	2719
2450	3043
2452	2551
2452	2561
2452	2694
2454	2586
2454	2697
2455	2838
2455	3228
2456	2458
2456	2617
2456	2709
2457	2458
2457	2930
2457	3004
2457	3011
2458	2459
2458	2487
2458	2593
2458	2617
2458	2677
2458	2703
2459	2558
2459	2593
2459	2599
2461	2586
2464	2543
2465	2716
2465	2717
2465	3244
2465	3279
2466	2717
2467	2717
2468	2527
2468	2561
2468	2718
2469	2596
2472	2493
2472	2588
2473	2476
2474	2475
2474	2477
2474	2483
2474	2552
2474	2559
2474	2642
2475	2503
2478	2810
2478	2864
2480	2591
2483	2559
2483	3219
2484	2736
2485	2496
2485	2561
2485	2741
2485	2743
2485	2764
2485	2958
2486	2528
2486	2543
2486	2832
2487	2617
2487	2632
2488	2489
2488	2576
2488	2989
2488	3214
2488	3252
2489	2583
2489	2586
2489	3060
2489	3115
2490	2495
2490	2498
2490	2730
2490	2948
2492	2493
2493	3014
2493	3224
2493	3225
2494	2561
2494	2760
2494	2795
2494	3017
2496	2766
2496	3017
2497	2595
2497	2767
2497	2769
2499	2538
2499	2544
2500	2530
2500	2579
2500	2775
2500	2776
2500	3113
2501	2645
2502	2503
2502	3016
2502	3226
2502	3227
2503	2611
2504	2604
2505	2522
2505	2783
2505	2785
2505	3049
2508	2519
2509	2616
2509	2627
2513	3017
2514	2595
2515	2595
2515	2810
2515	3036
2515	3231
2516	2519
2519	2599
2519	2602
2520	2533
2520	2595
2520	3005
2521	2559
2521	2641
2521	3233
2522	2601
2522	2614
2522	2617
2522	2807
2522	3045
2522	3047
2524	2586
2525	2617
2527	2561
2527	2600
2527	2789
2527	2804
2527	2815
2528	2543
2528	2549
2528	2606
2528	2612
2528	2804
2529	2554
2529	2874
2529	2917
2529	3186
2530	2531
2530	2579
2530	2916
2530	2918
2530	3113
2530	3181
2531	2725
2533	2534
2533	2542
2533	2595
2533	2765
2533	2823
2533	3005
2533	3112
2533	3157
2533	3179
2534	2564
2534	2659
2534	2821
2534	2823
2534	3017
2537	2548
2538	2539
2538	2550
2538	2551
2538	2920
2538	3124
2539	2549
2539	2856
2542	2728
2542	2765
2542	2834
2542	2835
2542	2836
2542	2952
2542	2997
2542	3068
2542	3112
2542	3207
2543	2832
2544	2791
2544	2843
2544	2844
2544	2923
2545	2554
2545	2592
2545	2637
2545	2858
2545	2860
2545	2862
2545	3154
2546	2548
2547	2548
2548	2847
2548	2848
2548	2958
2548	3055
2549	2551
2549	2855
2549	2856
2550	2551
2550	2561
2550	2850
2550	2853
2551	2852
2553	2721
2553	2801
2553	2809
2553	2843
2553	2845
2553	2870
2553	2871
2553	2872
2553	2874
2553	2908
2553	2922
2553	2971
2553	2995
2553	3096
2553	3128
2553	3149
2554	2575
2554	2596
2554	2608
2554	2870
2554	2872
2554	3187
2556	2621
2556	4317
2559	2627
2559	3242
2559	3243
2560	2604
2561	2826
2561	2883
2561	2900
2562	4129
2562	4445
2562	4461
2564	2658
2567	2593
2569	2593
2569	2895
2572	2593
2574	2575
2574	2692
2574	2812
2574	2906
2574	2936
2574	2972
2574	3281
2575	2601
2575	2733
2575	2904
2575	2905
2575	2907
2575	2964
2576	2989
2576	3043
2576	3205
2576	3277
2577	2588
2577	2641
2577	3247
2577	3248
2578	2586
2578	2902
2579	2580
2579	3113
2584	2596
2584	2608
2584	2908
2585	2586
2585	2674
2585	2710
2585	2717
2585	2720
2585	2722
2585	2880
2585	2889
2585	3095
2585	3158
2585	3199
2585	3215
2586	2911
2587	2588
2593	2704
2593	2909
2595	3005
2595	3157
2595	3179
2596	2918
2596	2927
2596	2928
2598	2599
2601	2936
2601	3049
2603	2608
2604	2609
2604	2953
2604	2955
2604	2956
2605	2606
2605	2953
2606	2607
2606	2612
2606	2618
2606	2960
2607	2608
2607	2611
2607	2654
2607	2733
2607	2794
2607	2959
2608	2623
2608	2624
2608	2651
2608	2790
2608	2960
2608	3060
2611	3288
2611	3289
2614	2617
2616	3266
2617	2637
2617	2885
2617	2886
2617	2973
2617	2974
2618	2974
2620	2978
2621	4172
2623	2979
2624	2980
2625	2627
2626	2627
2629	2986
2629	2987
2641	3208
2644	2648
2645	2647
2645	2648
2645	3239
2645	3240
2647	2649
2647	3255
2647	3256
2647	3257
2647	3258
2647	3259
2647	3260
2648	3261
2649	3274
2650	3288
2652	2760
2652	2795
2652	2883
2654	3019
2655	2766
2655	2825
2655	3176
2655	3178
2657	2693
2657	2908
2657	2916
2657	2918
2657	3077
2662	2684
2662	2705
2662	2813
2662	2819
2662	2837
2662	2944
2662	2959
2662	2969
2662	3104
2662	3200
2663	2668
2664	2799
2665	2799
2670	2795
2670	3005
2670	3008
2670	3221
2671	2780
2671	2796
2671	3001
2671	3004
2671	3026
2671	3143
2672	2674
2674	2710
2674	2890
2674	3215
2675	2914
2676	2677
2684	2813
2687	2758
2687	2846
2687	2936
2687	3050
2687	3098
2687	3099
2691	2837
2692	2936
2692	2972
2692	3145
2692	3180
2692	3262
2693	2908
2693	3077
2693	3171
2693	3286
2694	2921
2694	3022
2694	3029
2696	2703
2696	2787
2697	2881
2697	3133
2697	3134
2697	3270
2698	2699
2703	2787
2706	2810
2706	2840
2710	3199
2710	3215
2715	2971
2715	2978
2715	3057
2716	3244
2716	3279
2717	2719
2717	2720
2717	3158
2717	4022
2717	4023
2722	2757
2722	2880
2722	2889
2723	2846
2724	2755
2724	2756
2724	2779
2724	2839
2724	2857
2724	3105
2727	2781
2728	2952
2728	3062
2728	3207
2728	3265
2733	3064
2734	2738
2736	2737
2736	2738
2736	2806
2736	3010
2739	2740
2740	2760
2740	2766
2740	2883
2740	2932
2740	3041
2740	3042
2756	2857
2758	3099
2760	2795
2760	2840
2760	2878
2760	2883
2760	2986
2760	3041
2760	3042
2760	3153
2764	3017
2765	3112
2766	3100
2771	2781
2778	2842
2779	2838
2779	2839
2779	2857
2780	2781
2781	2967
2781	2968
2781	3001
2786	2787
2787	2977
2787	3267
2792	2916
2793	3012
2795	2883
2796	2839
2796	3026
2796	3110
2796	3152
2797	2798
2797	2800
2797	3175
2797	3211
2798	2800
2798	2820
2798	2997
2798	3150
2798	3211
2798	3222
2798	3253
2799	2800
2799	2946
2799	2947
2800	2820
2800	2997
2800	3150
2800	3151
2800	3211
2800	3222
2800	3253
2806	3010
2808	2842
2809	2843
2810	2840
2810	2986
2810	3036
2811	2971
2813	2903
2813	2976
2814	2967
2814	2977
2814	2983
2814	3012
2815	2878
2815	3106
2815	3142
2815	3198
2819	2837
2819	2866
2819	2944
2819	2959
2819	3131
2819	3200
2820	2825
2820	2865
2820	2952
2821	2822
2823	3179
2825	2865
2825	2952
2825	3177
2825	3178
2826	3017
2829	2834
2831	2836
2832	2833
2837	2944
2837	2969
2837	3104
2837	3131
2838	2839
2838	2857
2838	3228
2839	3152
2839	3250
2840	2883
2840	3025
2841	2932
2842	2940
2842	2981
2842	3195
2843	2908
2843	3096
2845	2971
2846	2858
2846	2860
2846	2862
2846	2936
2846	3173
2847	2932
2849	2851
2851	2852
2851	2914
2851	2937
2851	3038
2851	3126
2851	3130
2851	3156
2851	3276
2852	3126
2852	3156
2852	3275
2852	3276
2852	3278
2857	3080
2858	2859
2864	3028
2864	3122
2865	2952
2866	2959
2870	2876
2871	2877
2874	2875
2874	2917
2874	3186
2878	2883
2878	2986
2878	3153
2879	2881
2879	3117
2880	2882
2880	2889
2880	2998
2880	3095
2880	3197
2880	3230
2881	2882
2881	3111
2881	3117
2881	3190
2883	2900
2883	2986
2883	3041
2883	3153
2889	3095
2900	2901
2903	2976
2908	2918
2908	3096
2914	3156
2914	3276
2914	3280
2916	2918
2916	2926
2918	2926
2918	2927
2918	3181
2924	2937
2926	2929
2928	3164
2932	2935
2932	3020
2932	3041
2932	3042
2932	3174
2936	2972
2936	3033
2936	3034
2936	3173
2937	3156
2944	2945
2944	3131
2944	3200
2944	4221
2951	2997
2952	3035
2952	3265
2953	2954
2959	3121
2959	3148
2960	2961
2967	2968
2967	3011
2969	3104
2971	2978
2973	3052
2977	2983
2977	3267
2978	3191
2978	3192
2986	3153
2991	3196
2992	3197
2997	3211
2998	3197
2998	3230
3005	3008
3005	3056
3005	3157
3008	3209
3008	3221
3008	3269
3010	3238
3020	3174
3027	3049
3030	3128
3030	3284
3037	3041
3038	3276
3041	3042
3053	3197
3059	3128
3063	3148
3065	3186
3065	3202
3092	3128
3111	3117
3117	3144
3117	3246
3117	3299
3124	3128
3126	3130
3127	3128
3128	3129
3128	3149
3128	3284
3129	3284
3133	3134
3133	3270
3134	3270
3139	3156
3141	3284
3144	3246
3159	3186
3162	3197
3185	3186
3186	3202
3197	3230
3209	3269
3214	3252
3275	3276
3293	3411
3297	3310
3297	3333
3298	3299
3299	3314
3299	3440
3299	3441
3299	3558
3303	3468
3304	3468
3305	3468
3306	3467
3307	3420
3307	3469
3307	3470
3307	3540
3307	3627
3308	3580
3308	3654
3308	3692
3309	3310
3310	3333
3310	3357
3310	3478
3310	3484
3311	3312
3312	3321
3312	3336
3312	3351
3312	3359
3312	3484
3312	3593
3312	3632
3312	3697
3315	3355
3316	3366
3316	3483
3316	3536
3316	3620
3317	3336
3317	3352
3317	3392
3317	3393
3317	3421
3317	3724
3319	3497
3320	3360
3320	3542
3320	3546
3320	3607
3321	3328
3321	3471
3321	3632
3321	4574
3323	3331
3324	3564
3326	3576
3329	3365
3329	3466
3329	3498
3329	3558
3329	3582
3329	3586
3329	3587
3330	3331
3331	3435
3331	3697
3331	4603
3331	4831
3332	3722
3333	4876
3335	3336
3336	3351
3336	4655
3337	3349
3337	3429
3337	3628
3337	4865
3340	3342
3341	3342
3342	3413
3342	4876
3343	3573
3343	3574
3343	3583
3343	3639
3343	3659
3346	3360
3347	3348
3347	3349
3347	3402
3347	3661
3347	3678
3347	3729
3349	3663
3350	3673
3350	3674
3350	3688
3350	3700
3350	3701
3351	3561
3351	3598
3351	3673
3351	3674
3351	3702
3352	3362
3352	3612
3352	3652
3352	4582
3354	3355
3355	3432
3355	3569
3355	3601
3355	3638
3355	3715
3355	3716
3356	3357
3356	3590
3356	3683
3356	3723
3358	3359
3358	3395
3358	3725
3358	3726
3358	3727
3358	4476
3359	3466
3359	3725
3360	3361
3360	3730
3360	4677
3364	4570
3365	3716
3372	4878
3373	3431
3375	3431
3381	4850
3399	3675
3406	3410
3407	3410
3409	3411
3410	3411
3410	3666
3410	3677
3410	3712
3411	3517
3411	3676
3412	3468
3415	3468
3416	3431
3417	3431
3434	3564
3452	3497
3467	3468
3467	3502
3467	3503
3467	3527
3467	3620
3468	3469
3468	3470
3468	3479
3468	3591
3468	3592
3468	3613
3468	3614
3485	3486
3486	3487
3486	3560
3486	3733
3491	3675
3497	3499
3497	3500
3497	3525
3497	3626
3509	3511
3511	3513
3511	3563
3511	3738
3553	3675
3563	3564
3564	3655
3565	3675
3573	3574
3576	3577
3576	3578
3576	3718
3576	3731
3595	3727
3630	3631
3631	3722
3633	3683
3633	3722
3642	4885
3645	3722
3675	3699
3683	3685
3683	3722
3721	3722
3728	3729
3750	3762
3751	3762
3753	3774
3757	3792
3758	3792
3758	3883
3761	3784
3762	3764
3762	3932
3762	3935
3763	3765
3763	3766
3763	3946
3763	4199
3766	3838
3767	3838
3768	3838
3771	3783
3774	3797
3774	3863
3775	3776
3775	3777
3775	3792
3775	3809
3775	3921
3775	3922
3776	3797
3777	3797
3779	3781
3779	3816
3779	3851
3779	3855
3779	3871
3779	3893
3780	3781
3781	3785
3781	3798
3781	3801
3781	3870
3783	3784
3783	3785
3783	3836
3783	3841
3783	3842
3783	3868
3783	3879
3784	3785
3785	3787
3785	3798
3785	3905
3788	3895
3791	3792
3792	3922
3793	3904
3795	3802
3796	3797
3796	3799
3796	3854
3796	3876
3796	3877
3796	3887
3796	3916
3796	3934
3797	3800
3797	3937
3798	3939
3798	3940
3798	3941
3801	3918
3802	3803
3802	3804
3802	3928
3802	3944
3803	4199
3805	3863
3809	3857
3809	3921
3809	3930
3809	3945
3813	3838
3826	3918
3829	3895
3829	3900
3830	3895
3834	3835
3834	3850
3834	3863
3834	3879
3837	3895
3838	3839
3838	3840
3838	3844
3838	3862
3838	3906
3848	3895
3860	3903
3863	3864
3865	3904
3866	3904
3867	3895
3872	3895
3874	3895
3874	3903
3877	3916
3878	3904
3881	3916
3884	3904
3885	3904
3894	3904
3895	3900
3895	3919
3895	3920
3898	3918
3902	3903
3903	3927
3904	3905
3911	3918
3916	3917
3918	3933
3953	4000
3954	3966
3956	3957
3957	3979
3957	3989
3957	4008
3957	4031
3958	3959
3959	3979
3959	3997
3959	4011
3966	3985
3966	4041
3966	4063
3966	4064
3971	4029
3976	3979
3977	3979
3978	3979
3979	3980
3979	4020
3979	4027
3983	4000
3985	3987
4000	4001
4000	4020
4000	4029
4004	4036
4010	4036
4014	4029
4019	4020
4028	4029
4029	4031
4029	4032
4029	4080
4030	4041
4036	4038
4036	4039
4036	4080
4037	4038
4038	4080
4040	4041
4041	4042
4041	4043
4041	4066
4047	4080
4070	4105
4079	4080
4084	4086
4085	4086
4086	4090
4086	4162
4087	4172
4087	4218
4089	4187
4090	4121
4094	4152
4096	4106
4097	4136
4097	4200
4097	4222
4097	4245
4097	4246
4099	4110
4099	4172
4100	4101
4101	4206
4101	4317
4102	4151
4103	4152
4103	4225
4105	4106
4106	4107
4106	4109
4106	4147
4110	4121
4110	4138
4110	4243
4111	4112
4111	4173
4111	4201
4111	4221
4111	4268
4112	4213
4115	4172
4115	4187
4115	4211
4118	4154
4118	4159
4119	4120
4119	4285
4119	4458
4120	4164
4120	4179
4121	4143
4121	4150
4125	4128
4126	4128
4127	4128
4128	4186
4128	4201
4128	4221
4128	4317
4131	4196
4132	4156
4134	4135
4134	4138
4136	4222
4137	4138
4138	4154
4138	4156
4138	4162
4138	4224
4139	4151
4147	4151
4147	4171
4151	4152
4151	4165
4151	4212
4151	4215
4152	4163
4152	4165
4153	4154
4154	4156
4154	4159
4155	4156
4158	4162
4158	4230
4158	4231
4158	4232
4160	4206
4160	4217
4161	4162
4162	4172
4162	4193
4163	4164
4164	4174
4164	4179
4164	4207
4164	4219
4165	4288
4166	4181
4166	4188
4166	4208
4172	4193
4172	4194
4172	4218
4174	4207
4174	4317
4177	4179
4178	4179
4180	4187
4180	4196
4181	4210
4181	4296
4181	4297
4181	4298
4186	4300
4186	4317
4187	4196
4187	4211
4190	4193
4191	4193
4193	4234
4194	4218
4197	4199
4198	4199
4199	4202
4199	4206
4199	4227
4201	4221
4202	4304
4203	4236
4203	4256
4203	4261
4203	4262
4203	4401
4205	4218
4206	4207
4206	4217
4207	4213
4209	4308
4209	4309
4209	4310
4209	4311
4209	4312
4210	4313
4210	4314
4210	4315
4218	4219
4218	4301
4220	4221
4221	4317
4224	4270
4224	4271
4224	4272
4224	4273
4224	4274
4224	4275
4246	4247
4276	4279
4277	4279
4278	4279
4327	4342
4327	4375
4327	4387
4327	4392
4327	4410
4328	4346
4329	4377
4330	4401
4331	4407
4332	4335
4332	4336
4332	4340
4332	4344
4332	4347
4332	4352
4332	4381
4332	4384
4332	4385
4332	4391
4332	4398
4332	4400
4332	4401
4332	4402
4332	4408
4332	4413
4333	4340
4333	4355
4333	4359
4333	4383
4333	4391
4333	4395
4334	4335
4335	4347
4335	4352
4335	4381
4335	4398
4335	4402
4336	4342
4336	4345
4336	4346
4336	4347
4336	4361
4336	4373
4336	4381
4336	4395
4336	4419
4337	4386
4337	4402
4339	4340
4340	4395
4340	4400
4341	4374
4341	4376
4341	4384
4341	4392
4342	4345
4342	4365
4342	4368
4342	4375
4342	4404
4342	4411
4343	4345
4343	4361
4343	4373
4343	4395
4344	4352
4344	4381
4344	4384
4344	4385
4344	4386
4344	4392
4344	4401
4344	4402
4344	4408
4344	4413
4345	4346
4345	4347
4345	4361
4345	4368
4345	4373
4345	4381
4345	4395
4345	4398
4345	4405
4345	4406
4345	4409
4345	4419
4346	4357
4346	4360
4346	4381
4346	4417
4346	4418
4347	4381
4347	4398
4347	4402
4348	4417
4349	4398
4349	4402
4351	4416
4352	4370
4352	4374
4352	4376
4352	4381
4352	4384
4352	4385
4352	4386
4352	4392
4352	4398
4352	4401
4352	4402
4352	4408
4352	4413
4353	4377
4353	4396
4354	4410
4355	4391
4355	4403
4356	4357
4357	4407
4357	4417
4358	4359
4358	4364
4358	4371
4358	4416
4359	4364
4359	4371
4359	4372
4359	4380
4359	4383
4361	4372
4361	4373
4361	4395
4361	4405
4361	4406
4361	4418
4361	4419
4362	4363
4363	4370
4364	4371
4364	4372
4364	4373
4364	4380
4364	4383
4365	4368
4365	4372
4365	4373
4365	4399
4366	4367
4367	4368
4367	4374
4367	4376
4367	4392
4367	4404
4368	4375
4368	4404
4368	4411
4369	4374
4370	4374
4370	4384
4370	4392
4370	4401
4371	4372
4371	4380
4371	4397
4371	4416
4372	4373
4372	4395
4373	4395
4373	4396
4373	4405
4373	4412
4374	4376
4374	4384
4374	4392
4374	4401
4375	4381
4376	4384
4376	4392
4380	4416
4381	4384
4381	4385
4381	4398
4381	4402
4381	4408
4382	4397
4383	4391
4383	4395
4383	4403
4384	4385
4384	4386
4384	4392
4384	4398
4384	4401
4384	4402
4384	4408
4384	4413
4385	4392
4385	4401
4385	4402
4385	4413
4386	4392
4386	4401
4386	4402
4386	4408
4386	4415
4389	4391
4390	4391
4391	4395
4391	4396
4392	4401
4392	4408
4392	4410
4392	4413
4393	4395
4394	4396
4395	4396
4398	4401
4398	4402
4398	4408
4401	4402
4401	4408
4401	4413
4402	4408
4402	4413
4404	4410
4404	4414
4405	4406
4406	4419
4408	4413
4421	4435
4432	4435
4435	4436
4444	4458
4444	4462
4445	4448
4447	4448
4448	4458
4454	4458
4455	4456
4455	4458
4457	4458
4458	4459
4458	4463
4458	4465
4458	4466
4467	4485
4467	4553
4468	4485
4469	4507
4469	4526
4469	4602
4469	4626
4469	4796
4473	4508
4473	4605
4473	4617
4473	4646
4474	4867
4476	4628
4476	4662
4476	4678
4478	4479
4478	4485
4480	4485
4483	4876
4485	4496
4485	4530
4485	4601
4491	4492
4491	4580
4491	4669
4493	4660
4498	4500
4500	4501
4500	4765
4519	4520
4519	4521
4520	4592
4520	4620
4520	4699
4520	4800
4520	4801
4520	4802
4534	4535
4534	4673
4534	4722
4538	4771
4538	4806
4538	4807
4541	4651
4552	4627
4564	4602
4564	4813
4564	4814
4564	4815
4565	4602
4569	4651
4570	4571
4570	4614
4570	4621
4570	4761
4571	4628
4572	4573
4573	4574
4573	4652
4574	4594
4574	4595
4591	4723
4602	4611
4602	4641
4605	4619
4627	4733
4628	4662
4644	4652
4649	4750
4649	4753
4651	4723
4651	4826
4660	4688
4661	4662
4708	4728
4708	4729
4708	4733
4708	4746
4709	4728
4712	4727
4715	4727
4715	4751
4717	4728
4721	4751
4725	4727
4727	4736
4727	4774
4727	4775
4728	4748
4733	4745
4733	4757
4744	4751
4750	4751
4835	4836
4836	4849
4836	4884
4836	4897
4840	4867
4847	4878
4848	4873
4848	4883
4848	4900
4850	4908
4850	4909
4850	4922
4861	4867
4862	4878
4866	4867
4867	4868
4867	4869
4867	4925
4871	4893
4874	4885
4875	4876
4876	4883
4877	4885
4878	4879
4878	4881
4878	4914
4878	4920
4878	4924
4885	4886
4891	4893
4892	4893
4893	4894
