1	3553
2	3625
3	4930
4	88
4	90
5	13
5	83
6	8
7	8
8	9
8	10
9	10
9	61
9	74
9	114
9	115
9	208
11	98
11	125
12	13
12	147
13	14
13	83
13	147
14	17
16	160
17	29
19	130
23	4446
23	4461
25	41
25	58
25	232
26	30
26	50
26	123
26	138
26	139
26	140
26	203
28	42
28	82
28	98
29	130
29	160
30	123
30	138
30	139
30	140
31	104
33	34
33	141
34	141
35	36
35	142
36	45
36	47
36	157
37	39
41	58
41	232
42	82
42	98
43	94
43	163
43	164
45	47
45	171
46	182
46	184
48	75
50	139
51	194
55	172
55	195
56	149
56	175
57	135
57	236
58	59
58	167
58	232
59	167
60	146
60	154
60	155
60	173
63	979
64	979
64	4893
67	70
68	69
68	4893
69	70
69	1052
70	108
70	116
71	76
71	86
71	110
72	73
72	112
74	135
74	205
75	125
76	86
76	110
77	191
79	80
82	98
83	221
84	4446
84	4461
85	4448
86	110
88	90
92	174
94	131
94	171
95	171
102	205
103	145
103	190
104	174
104	189
107	177
107	178
108	116
108	207
108	4120
111	148
111	204
112	113
113	129
113	3770
114	115
114	205
115	205
116	522
119	175
123	138
123	139
123	140
124	153
124	194
127	4112
128	129
129	235
135	236
137	168
137	229
138	139
138	140
138	143
139	140
143	4882
144	192
146	154
146	155
146	156
146	173
146	189
149	175
149	198
149	200
153	154
153	157
153	158
154	155
154	156
154	159
154	173
155	156
155	173
155	189
156	189
157	193
163	164
168	229
169	227
170	171
172	195
174	189
177	178
177	179
177	180
179	180
179	201
184	200
184	997
192	193
198	200
198	201
199	201
210	211
210	213
221	225
223	227
236	237
240	316
240	327
240	337
242	282
242	363
242	364
242	365
243	342
243	355
244	335
244	361
246	247
246	257
246	278
246	335
246	371
249	280
249	305
249	313
249	360
249	366
251	319
251	367
251	370
252	322
252	370
252	376
254	255
254	283
254	285
254	612
255	285
257	310
257	360
257	368
257	381
258	285
258	299
258	306
258	311
260	261
263	320
263	321
263	4341
264	281
264	334
268	269
268	346
269	341
269	346
269	362
270	273
270	274
273	274
273	325
274	325
278	293
278	298
278	335
278	378
279	280
279	282
279	295
279	302
279	313
280	305
280	313
281	334
282	283
282	284
282	295
282	302
282	313
283	284
284	305
285	316
290	336
290	4435
290	4439
292	362
293	298
295	302
295	313
296	365
297	300
299	311
302	313
305	313
306	311
309	353
309	4425
310	311
310	368
312	313
314	315
314	2434
314	2702
315	356
317	318
317	1119
317	1825
319	367
319	370
320	321
320	4341
320	4374
321	4341
321	4374
327	328
327	379
328	379
329	330
331	340
332	353
335	361
336	337
340	341
341	346
342	355
344	345
348	351
348	352
350	369
350	382
351	352
353	355
353	4425
355	356
360	368
360	381
361	362
363	364
363	365
363	366
364	365
364	366
367	370
368	381
369	382
383	384
383	462
384	393
384	426
384	447
384	462
386	387
386	445
386	2307
387	445
387	2307
388	430
389	2264
391	394
391	409
391	423
391	457
392	423
392	425
392	436
393	395
393	2223
394	423
394	457
395	419
395	421
395	456
395	2392
395	2393
396	399
396	420
396	2231
396	2283
397	399
402	411
402	436
402	439
404	405
405	406
405	431
407	408
407	437
408	437
410	411
413	414
413	415
413	468
414	415
416	417
416	444
416	450
417	430
419	421
420	421
422	439
422	1424
423	457
424	443
425	426
426	447
430	469
431	432
432	436
444	450
445	2307
448	449
449	2834
455	459
458	461
474	481
475	4446
476	477
477	483
477	484
478	479
478	498
479	480
479	491
479	498
481	491
482	495
484	496
485	486
485	498
486	498
488	1183
489	494
490	2543
490	2799
490	2800
492	497
495	496
497	498
501	549
503	504
504	1481
506	543
507	539
507	544
507	565
507	566
508	544
508	565
508	566
509	545
510	561
511	513
511	534
511	538
511	542
511	550
511	551
514	4119
514	4463
521	522
521	4448
521	4455
521	4458
521	4465
521	4466
522	570
522	4119
522	4120
525	530
525	531
528	529
528	530
530	531
532	533
532	548
534	550
534	551
535	536
535	559
535	574
536	557
536	559
536	574
538	542
538	550
538	551
539	544
539	565
539	566
541	569
542	550
543	565
544	561
544	565
544	566
546	559
547	548
548	549
548	551
548	552
548	568
549	570
550	551
552	555
553	554
557	558
558	562
559	574
564	1481
564	1482
565	566
567	568
570	832
570	4119
570	4120
575	660
575	730
577	578
578	594
578	610
580	677
580	720
580	725
582	645
584	585
585	614
585	676
587	624
587	678
587	703
588	593
588	597
589	594
592	597
592	598
594	628
594	692
597	598
597	599
597	601
597	620
599	601
603	604
603	606
603	691
604	606
604	691
605	666
605	692
606	691
609	610
609	611
609	657
609	662
609	696
610	722
611	722
614	636
614	676
616	639
616	653
616	724
616	725
617	618
618	668
618	718
622	653
622	734
622	736
624	632
624	655
624	668
624	703
624	718
628	705
631	632
631	718
632	634
632	668
632	718
633	634
635	636
636	647
636	648
637	698
637	713
637	714
637	728
639	653
639	681
640	641
640	1945
643	644
644	687
645	646
647	648
652	653
652	667
652	680
652	682
652	692
652	726
652	3781
653	667
653	680
653	682
653	692
653	726
653	736
653	1495
653	3781
653	3923
653	4399
655	669
657	696
662	691
667	680
667	682
667	692
667	726
667	3781
668	717
668	718
672	673
675	702
677	720
677	725
678	679
679	702
680	682
680	692
680	726
680	3781
681	702
682	692
682	726
682	845
682	3781
684	685
692	726
692	738
692	3781
694	695
694	726
696	697
698	728
701	702
701	733
701	734
706	709
706	710
709	710
712	722
712	723
713	714
719	727
724	725
726	3781
731	732
733	734
733	736
734	736
737	738
739	740
739	749
739	763
740	757
740	763
740	775
742	743
743	744
743	745
743	759
743	760
743	795
743	804
744	745
744	760
744	795
744	802
744	804
744	815
745	760
745	795
745	802
745	804
747	780
748	751
748	775
748	805
749	752
750	757
751	775
751	805
754	791
754	803
755	757
756	787
756	791
756	803
757	758
757	791
757	813
758	813
758	823
759	760
759	762
759	778
759	781
759	804
760	795
760	802
760	804
761	762
761	778
762	780
762	781
763	777
763	814
763	815
764	774
764	820
767	773
769	772
769	824
770	771
770	785
770	797
771	797
772	823
772	824
774	781
774	820
775	805
777	814
779	789
779	808
780	781
781	791
785	786
785	797
787	791
787	803
790	2282
790	2284
790	2302
790	2304
790	2354
790	3925
791	803
793	1214
795	802
795	804
800	801
802	804
802	815
802	2207
802	3781
806	807
811	822
811	1124
813	1228
822	1124
823	824
826	4462
827	877
829	833
829	834
829	836
830	4444
830	4462
831	832
831	855
831	869
831	895
831	899
831	904
831	910
831	919
832	897
832	904
832	910
833	834
833	866
835	896
837	872
842	4179
843	863
843	4457
844	846
844	865
845	877
845	1133
846	880
846	884
846	894
846	900
847	911
848	887
848	888
849	855
849	908
849	909
850	854
851	864
852	853
852	865
852	873
852	901
852	902
852	928
853	873
853	901
853	902
855	856
855	860
856	860
856	4455
856	4458
856	4464
856	4465
856	4466
857	882
857	902
859	864
864	883
865	873
865	900
868	932
869	895
869	899
869	904
869	910
869	919
871	928
872	929
873	902
873	930
874	885
874	897
875	876
875	881
876	881
876	894
878	928
878	929
878	930
879	887
879	889
880	900
882	883
885	928
885	959
887	889
892	896
894	900
895	897
899	930
902	928
902	929
903	919
904	910
904	919
905	920
908	909
912	917
912	918
915	916
917	3213
921	927
923	926
927	3266
927	4477
928	929
933	1014
934	935
935	969
937	1010
939	984
940	1016
940	1036
941	994
941	999
941	1014
943	944
944	995
944	1004
944	1028
948	950
948	977
948	1047
948	1048
949	950
949	951
950	951
950	970
950	976
950	1034
951	971
951	1043
952	1024
953	1032
956	957
958	1338
959	1006
962	993
963	991
965	1021
966	997
967	968
967	1000
967	1025
967	1026
967	1057
968	997
968	1006
968	1057
970	996
971	1026
972	973
973	989
973	1021
974	1023
974	1024
974	1031
974	1050
974	1051
974	1059
974	4934
976	1034
977	992
977	1047
980	4855
981	1015
981	1055
993	1049
994	999
995	1004
997	1006
997	1057
1000	1026
1000	1027
1000	1043
1002	1037
1004	1021
1004	1028
1005	1007
1005	1026
1006	1057
1012	1044
1015	1016
1015	1055
1016	1036
1016	1051
1019	1050
1022	1059
1023	1024
1023	1059
1025	1026
1025	1045
1026	1045
1027	1043
1029	1030
1029	1033
1029	1038
1029	1039
1029	1040
1030	1038
1030	1039
1030	1040
1031	1046
1032	1052
1033	1038
1033	1039
1033	1040
1035	1049
1036	1051
1038	1039
1038	1040
1039	1040
1041	1042
1041	1056
1050	1052
1052	1058
1060	1061
1060	1542
1060	4399
1063	1160
1063	1625
1064	1176
1064	1504
1066	1852
1066	1901
1066	2069
1067	1068
1067	1419
1067	1923
1067	1963
1067	2029
1068	1419
1068	1923
1068	1963
1069	1196
1069	1197
1069	1300
1069	1498
1069	1566
1070	1197
1070	1371
1071	1615
1072	1314
1072	1469
1073	1192
1078	1123
1078	1244
1078	1267
1078	1306
1078	1459
1081	1154
1081	1560
1081	1942
1082	1224
1082	1510
1082	1746
1082	1750
1083	1295
1083	1446
1083	1503
1085	1086
1085	1087
1085	1351
1085	1367
1085	1624
1086	1088
1086	1091
1086	1097
1086	1351
1087	1223
1087	1351
1088	1091
1088	1126
1089	1311
1090	1496
1090	1959
1091	1092
1092	1231
1093	1095
1093	1386
1093	2091
1093	2096
1093	2135
1093	2169
1094	1177
1095	1386
1095	1446
1095	2091
1095	2135
1095	2159
1095	2169
1096	1097
1096	1285
1096	1379
1096	2109
1097	1343
1097	1379
1097	1593
1097	2109
1098	1677
1098	1713
1098	1914
1100	1276
1100	1277
1100	1530
1100	1531
1100	2176
1101	1277
1102	1422
1102	1573
1103	1442
1104	1460
1104	1717
1105	1145
1105	1179
1105	1666
1106	1136
1106	1143
1106	1317
1106	1323
1108	1240
1108	1496
1109	1495
1113	1116
1115	1603
1116	1453
1117	1189
1117	1436
1117	1461
1117	1462
1117	1463
1117	1584
1118	1119
1118	1825
1118	4437
1119	1176
1119	1825
1122	1163
1123	1267
1123	1459
1124	1576
1126	1128
1128	1353
1128	1401
1129	1226
1129	1709
1129	1797
1131	1243
1131	1308
1131	1330
1133	1242
1133	1323
1133	1338
1133	1609
1134	1416
1135	1451
1135	1534
1136	1137
1140	1332
1140	1344
1140	1345
1140	1458
1140	1486
1140	1619
1140	1620
1141	1142
1141	1874
1142	1415
1142	1474
1142	1475
1142	1874
1143	1180
1143	1434
1143	1877
1145	1491
1145	1760
1145	2629
1147	1148
1147	1166
1147	1207
1147	1334
1147	1413
1147	1525
1147	1811
1148	1167
1148	1340
1148	1452
1149	1150
1150	1275
1150	1283
1151	1473
1151	1530
1152	1170
1152	1357
1152	1468
1152	1484
1154	1196
1154	1197
1155	1156
1156	1161
1156	1260
1157	1326
1157	1749
1158	1321
1158	1411
1158	1505
1158	1684
1159	1322
1159	1506
1160	1956
1161	1260
1162	1163
1162	1241
1165	1777
1166	1413
1166	1438
1167	1244
1167	2506
1170	1175
1170	1484
1170	1486
1170	1531
1171	1175
1171	1183
1171	1201
1172	2180
1172	2181
1173	1484
1173	1487
1173	1649
1175	1201
1177	1386
1177	1387
1179	1666
1183	1316
1183	1467
1188	1189
1190	1191
1191	1192
1191	1246
1193	1528
1193	1695
1194	1195
1195	1452
1196	1197
1196	1498
1198	1349
1198	1512
1199	1891
1202	1204
1202	1252
1202	1253
1203	1364
1204	1252
1204	1253
1204	1304
1204	1488
1205	1290
1205	1449
1206	1359
1206	1719
1206	1866
1206	1989
1206	2037
1206	2044
1207	2063
1209	1309
1209	1467
1210	1211
1210	1536
1215	1216
1216	1512
1218	1450
1218	1688
1219	1563
1219	1689
1223	1229
1223	1525
1223	1632
1224	1262
1224	1594
1224	1647
1224	1746
1224	2194
1226	1709
1226	1797
1228	1231
1229	1254
1229	1478
1229	1524
1229	1632
1230	1231
1230	1402
1231	1488
1234	1461
1235	1236
1235	1577
1235	1618
1235	1902
1236	1577
1238	1239
1238	1302
1238	1532
1238	2158
1239	1483
1242	1291
1243	1423
1244	1267
1244	1306
1244	1324
1244	1365
1244	1507
1245	1412
1245	1505
1247	1384
1249	1256
1249	1317
1251	2829
1251	2834
1252	1253
1252	1297
1252	1343
1252	1349
1253	1304
1254	1524
1255	1570
1255	1618
1256	1424
1257	1292
1257	1992
1259	1260
1262	1594
1262	1647
1263	1430
1263	1432
1264	1799
1267	1313
1267	1459
1268	1410
1268	1498
1268	1643
1268	1699
1268	1776
1269	1373
1272	1273
1272	1274
1272	1626
1273	1360
1273	1361
1273	1569
1275	1307
1275	2060
1276	1277
1276	1278
1276	1466
1276	1489
1277	1466
1278	1435
1278	2120
1279	1463
1279	1953
1280	1786
1281	1313
1283	1377
1284	1474
1284	1684
1284	2042
1285	2109
1286	1300
1286	1480
1286	1535
1287	1289
1289	1353
1289	1934
1291	1803
1291	1994
1298	1299
1298	1302
1298	1532
1298	1562
1298	2158
1299	1302
1299	1329
1299	2158
1300	1301
1300	1807
1302	2158
1305	1306
1307	2060
1308	2594
1309	1814
1310	1403
1310	1540
1310	1541
1311	1312
1311	2192
1312	1447
1312	2172
1312	2192
1314	1407
1314	1912
1316	1467
1316	1817
1317	1877
1320	1440
1320	1811
1321	1411
1321	1412
1321	1505
1321	1522
1322	1416
1323	1324
1323	1338
1323	1600
1323	2097
1324	1365
1325	1326
1325	1424
1326	1327
1326	1424
1326	1433
1326	1749
1326	1924
1327	1459
1329	1483
1330	1483
1331	1809
1332	1344
1332	1345
1332	1458
1332	1486
1332	1619
1333	1334
1333	1346
1333	1677
1333	2016
1334	1391
1334	1413
1334	1438
1334	1506
1334	1515
1335	4385
1337	1663
1337	1997
1338	1831
1340	1540
1342	1364
1342	1508
1344	1345
1344	1458
1344	1486
1344	1619
1345	1458
1345	1486
1345	1619
1345	1620
1346	1761
1348	1449
1351	1367
1351	1624
1352	1435
1352	2189
1356	1489
1356	2120
1356	2179
1359	1867
1360	1929
1360	1950
1361	1487
1362	1445
1363	1471
1364	1508
1367	1388
1367	1400
1367	1624
1369	1552
1371	1538
1377	1382
1377	1383
1377	1406
1378	1379
1378	1593
1378	1852
1378	2104
1379	1852
1379	2109
1380	1502
1382	1383
1383	1476
1384	1895
1386	1387
1386	2135
1386	2159
1386	2169
1388	1399
1388	1400
1389	1632
1390	1425
1391	1515
1392	1426
1399	1400
1399	1852
1400	1852
1403	1485
1403	1540
1403	1541
1405	1406
1407	1767
1407	1912
1408	1980
1410	1498
1411	1412
1411	1505
1412	1505
1412	1522
1413	1525
1414	1416
1415	1874
1417	1590
1417	1716
1417	1921
1418	1828
1419	1453
1419	1923
1419	1963
1422	1423
1424	1924
1425	2016
1427	1876
1427	2141
1428	1429
1430	1432
1434	2196
1435	1436
1436	1462
1436	1463
1436	2195
1438	1811
1439	1440
1439	1516
1439	1526
1439	1884
1440	1811
1442	1443
1442	1537
1442	1548
1442	1987
1443	1537
1444	1445
1444	1450
1447	2195
1448	2124
1451	1472
1451	1534
1451	2118
1451	2119
1453	1456
1454	1552
1455	1598
1455	1603
1458	1486
1458	1619
1460	2072
1460	2074
1460	2081
1461	1463
1461	2124
1462	1463
1462	2195
1463	1953
1466	1908
1467	2138
1468	1484
1471	1531
1471	2173
1471	2188
1474	1475
1474	2042
1477	1478
1477	2086
1478	2086
1480	1535
1484	1485
1484	1531
1484	1649
1486	1531
1486	1619
1489	2120
1489	2138
1489	2139
1489	2179
1491	1621
1491	1984
1494	1988
1496	2010
1499	1500
1499	1551
1499	1993
1499	1994
1502	1999
1506	1507
1506	1514
1506	1515
1506	1818
1507	1541
1509	1510
1511	1594
1512	2020
1512	2022
1513	2022
1514	1818
1514	2202
1515	1818
1521	1954
1523	1697
1523	2031
1524	1525
1525	1632
1525	1811
1528	1695
1530	1531
1532	2158
1534	2118
1536	2176
1540	1541
1547	1548
1547	1638
1547	1733
1547	1744
1548	1638
1548	1733
1550	1698
1550	1869
1554	1572
1554	1653
1554	1670
1554	1740
1554	1839
1554	2142
1562	2158
1563	1689
1563	1787
1564	1569
1564	1950
1566	1567
1566	1568
1570	1618
1572	1670
1572	1740
1572	1915
1572	2142
1573	1574
1575	1665
1575	1685
1575	1915
1575	1946
1577	1631
1578	1985
1583	1918
1584	1855
1584	1856
1584	1951
1584	2000
1584	2012
1585	1721
1585	1745
1586	1702
1589	1817
1589	2000
1589	2150
1590	1716
1591	1832
1593	2104
1594	1647
1596	2038
1598	1603
1599	1817
1599	2000
1600	1601
1600	1861
1600	2098
1601	1861
1602	2001
1602	2130
1602	2151
1603	1686
1604	1773
1604	1823
1605	2043
1609	1725
1613	1757
1613	1806
1613	1847
1614	1649
1614	1654
1614	1883
1614	1954
1614	2157
1615	2028
1617	1620
1618	1902
1621	1984
1622	1623
1622	1692
1623	1662
1623	1692
1623	2014
1623	2099
1623	2115
1624	1959
1633	1823
1633	1964
1635	1703
1636	1737
1636	1738
1639	2092
1643	1699
1643	1776
1643	1793
1643	2067
1644	1751
1644	1909
1644	2035
1644	2893
1648	1664
1649	1654
1649	1752
1649	1883
1649	1954
1649	2157
1653	1665
1653	1862
1653	1890
1653	2039
1654	1883
1654	1954
1654	2157
1655	1897
1658	1786
1661	1662
1661	1820
1661	1850
1662	2067
1663	1997
1664	2163
1665	1670
1665	1915
1667	1780
1670	1685
1670	1740
1670	1839
1670	2142
1673	1687
1673	1688
1673	1897
1677	2016
1685	1786
1685	1915
1687	1688
1687	2167
1689	1787
1690	1691
1690	1861
1690	1918
1690	2097
1691	1918
1697	2031
1698	1869
1699	1776
1699	1962
1702	2826
1704	1724
1704	1976
1705	1866
1708	1733
1708	1795
1709	1797
1713	1914
1713	2194
1716	1921
1717	2144
1719	2044
1721	1832
1721	1930
1724	1976
1725	1945
1726	2080
1732	2113
1734	1758
1734	1782
1734	1802
1737	1738
1740	1839
1740	2142
1741	1793
1742	1743
1746	2194
1747	1748
1747	1904
1748	1904
1749	1885
1749	1924
1752	2157
1754	1833
1755	1756
1757	1806
1757	1847
1758	1782
1760	1898
1760	1984
1760	2088
1761	1999
1761	2026
1767	1912
1769	1833
1769	2032
1773	1823
1776	1962
1782	2011
1793	2025
1795	1796
1806	1847
1807	2111
1807	2163
1815	2023
1815	2031
1817	2150
1820	2043
1823	1964
1827	1885
1827	2020
1827	2046
1832	1930
1833	2032
1839	1840
1839	2142
1842	2070
1842	2101
1844	2156
1850	2118
1850	2119
1852	1901
1856	1951
1856	2000
1856	2012
1861	2098
1862	1890
1862	2039
1863	1933
1868	1917
1868	1999
1869	2106
1871	1873
1872	2129
1876	2141
1883	1954
1883	2157
1885	2020
1885	2047
1890	2039
1898	2088
1899	1960
1903	1975
1909	2035
1917	1999
1922	2151
1923	1963
1923	2029
1927	1977
1929	1938
1930	2196
1932	1944
1933	1935
1933	2116
1934	1935
1940	2027
1945	2054
1945	2089
1945	2098
1951	2000
1951	2012
1953	2056
1953	2085
1953	2143
1953	2187
1954	2157
1961	2117
1962	1964
1962	2029
1963	2029
1973	2010
1977	2051
1980	1983
1993	1994
1993	1995
1994	1995
1999	2026
2000	2150
2017	2018
2019	2020
2020	2047
2020	2524
2020	2801
2023	2031
2031	2174
2031	2175
2039	2040
2054	2089
2054	2119
2054	2151
2056	2085
2063	2124
2064	2125
2066	2187
2070	2101
2071	2165
2071	2166
2072	2144
2073	2101
2073	2108
2074	2081
2079	2122
2082	2085
2082	2137
2084	2085
2084	2143
2085	2143
2089	2119
2089	2129
2091	2190
2094	2107
2096	2190
2099	2115
2102	2146
2106	2154
2107	4739
2108	2144
2131	2145
2133	2146
2133	2147
2135	2159
2135	2169
2136	2156
2137	2140
2138	2139
2140	2187
2146	2147
2152	2162
2159	2169
2165	2166
2168	2190
2172	2192
2174	2175
2180	2181
2202	2204
2205	2210
2205	2211
2207	2213
2208	2244
2210	2211
2210	2212
2210	2213
2211	2212
2211	2213
2212	2213
2214	2396
2214	4828
2214	4836
2219	2244
2219	2373
2219	2397
2220	2222
2220	2229
2221	2223
2221	2232
2221	2261
2221	2295
2221	2376
2221	2402
2221	2405
2222	2229
2222	2418
2223	2229
2223	2232
2223	2235
2223	2261
2223	2295
2223	2383
2224	2385
2225	2314
2229	2235
2230	2263
2230	2306
2230	2357
2231	2317
2231	2357
2231	2370
2232	2261
2232	2295
2232	2402
2232	2405
2233	2409
2233	4649
2235	2298
2235	2309
2235	2312
2235	2351
2235	2383
2237	2238
2237	2396
2238	2291
2238	2315
2238	2368
2240	2243
2240	2325
2241	2242
2241	2355
2241	4507
2242	2249
2242	2310
2242	2355
2243	2325
2243	2335
2243	2349
2244	2373
2244	2397
2246	2318
2246	2327
2246	2420
2247	2256
2248	2250
2248	4535
2248	4536
2249	2251
2249	4573
2250	4535
2251	4573
2256	2303
2256	2348
2257	2407
2258	2260
2258	2262
2261	2295
2261	2402
2261	2405
2262	2298
2263	2357
2266	2414
2267	2268
2267	2270
2267	2289
2267	2333
2267	2381
2267	2395
2268	2271
2268	2333
2270	2333
2270	2381
2271	2382
2274	2275
2274	2372
2276	2277
2278	2320
2278	2321
2278	2324
2279	2414
2282	2283
2282	2284
2282	2302
2282	2304
2282	2354
2282	2372
2284	2302
2284	2304
2286	2331
2289	2333
2289	2353
2289	2381
2289	2388
2289	2395
2290	2292
2291	2315
2291	2368
2294	2332
2294	2373
2294	2382
2294	2384
2294	2385
2294	2389
2295	2402
2295	2405
2298	2309
2298	2343
2298	2364
2298	2369
2298	2383
2300	2407
2302	2304
2302	2354
2303	2348
2303	2408
2304	2354
2304	2372
2309	2383
2309	2388
2312	2343
2312	2351
2312	2364
2312	4837
2314	2359
2316	2317
2316	2370
2317	2370
2318	2327
2318	2380
2318	2420
2320	2321
2320	2324
2321	2322
2321	2323
2321	2324
2322	2323
2327	2328
2327	2329
2327	2380
2327	2420
2328	2329
2328	2420
2332	2373
2332	2389
2333	2381
2333	2395
2335	2349
2335	2371
2336	2338
2336	2374
2337	2357
2338	2374
2339	2388
2341	2382
2342	2363
2342	4035
2343	2351
2343	2364
2347	2357
2351	2364
2353	2381
2353	2388
2353	2395
2355	2387
2356	2376
2360	2362
2363	2365
2363	4035
2365	4860
2368	2377
2368	2389
2373	2389
2373	2397
2376	2403
2378	2379
2380	2388
2380	2420
2381	2395
2382	2384
2388	2395
2392	2393
2392	2394
2392	2405
2393	2394
2397	2399
2402	2405
2409	4632
2409	4649
2414	4693
2414	4927
2423	4491
2423	4492
2423	4543
2423	4580
2424	2425
2425	2459
2428	2489
2428	2656
2429	2614
2429	2617
2429	2970
2434	2436
2434	2471
2434	2524
2434	2588
2434	2624
2434	2684
2434	2702
2434	2705
2434	2866
2434	2966
2434	2969
2436	2524
2436	2586
2436	2624
2436	2668
2436	2702
2436	4246
2437	2439
2437	2633
2438	2633
2438	2682
2439	2456
2439	2886
2440	4458
2440	4465
2441	2442
2442	2443
2443	2489
2443	2616
2443	3233
2444	2685
2444	2707
2445	2504
2445	2609
2446	3206
2447	2967
2449	3189
2450	2451
2450	2717
2450	3158
2452	2551
2452	2561
2452	2694
2454	2697
2454	3093
2454	3190
2455	2779
2455	2838
2455	3039
2455	3105
2455	3110
2455	3152
2455	3228
2455	3250
2456	2458
2456	2505
2456	2522
2456	2885
2456	2886
2457	2793
2457	3004
2458	2525
2458	2677
2458	2703
2459	2558
2459	2599
2460	2461
2460	2590
2461	2590
2462	2463
2462	2654
2462	2991
2463	2654
2463	2991
2464	2713
2465	2716
2465	2717
2465	3244
2465	3279
2468	2494
2468	2561
2468	2629
2468	2652
2468	2826
2468	2878
2468	2883
2468	2986
2468	3017
2469	2723
2472	2493
2472	3225
2473	2476
2473	2501
2473	2645
2474	2476
2474	2552
2475	2518
2478	2810
2478	2864
2479	2481
2479	2555
2481	2555
2484	2736
2484	3090
2485	2561
2485	2741
2485	2958
2486	2528
2486	2743
2486	2804
2487	2522
2487	2807
2487	2931
2487	3046
2487	3047
2488	2576
2488	2989
2488	3214
2489	2521
2489	2583
2490	2498
2490	2730
2492	2588
2492	2643
2493	2588
2493	3014
2493	3015
2493	3225
2494	2561
2494	2629
2494	2652
2494	2760
2494	2795
2494	2826
2494	2878
2494	2883
2494	2986
2494	3017
2495	2763
2496	2766
2497	2595
2497	2767
2497	2769
2497	3157
2498	2513
2498	2729
2498	2769
2499	2538
2499	2544
2499	2920
2499	3078
2500	2524
2500	2579
2500	2580
2500	2702
2500	2918
2500	3113
2501	2643
2501	2645
2501	2648
2502	3015
2502	3016
2502	3227
2504	2609
2504	2782
2504	2956
2505	2522
2505	2601
2505	2785
2505	2886
2505	2936
2505	2973
2505	3033
2505	3049
2506	2593
2506	2622
2507	2508
2508	2516
2508	2558
2508	2602
2509	2510
2509	2615
2509	2625
2509	2626
2513	2795
2515	3036
2515	3231
2516	2518
2516	2519
2517	2518
2518	2519
2519	2558
2519	2602
2520	2595
2520	3157
2520	3179
2521	2641
2521	3233
2522	2614
2522	2617
2522	2807
2522	2886
2522	2931
2522	2973
2522	3046
2522	3047
2522	3049
2523	2611
2523	2653
2523	3188
2524	2586
2524	2604
2524	2624
2524	2662
2524	2684
2524	2702
2524	2705
2524	2866
2524	2969
2525	2617
2527	2561
2527	2789
2528	2543
2528	2612
2528	2743
2528	2804
2529	2554
2529	2874
2529	2917
2529	3187
2530	2579
2530	3113
2530	3181
2531	2725
2531	2726
2531	3061
2533	2534
2533	2542
2533	2595
2533	2765
2533	2823
2533	2829
2533	2834
2533	2997
2533	3005
2533	3157
2534	2542
2534	2564
2534	2765
2534	2821
2534	2823
2534	2829
2534	2834
2534	2997
2536	2629
2536	2701
2538	2539
2538	2920
2538	3078
2541	2582
2541	2583
2541	2828
2542	2728
2542	2765
2542	2823
2542	2829
2542	2834
2542	2836
2542	2997
2542	3112
2542	3567
2543	2832
2543	4218
2543	4219
2544	2791
2544	2844
2544	2923
2545	2554
2545	2592
2545	2596
2545	2653
2545	2858
2545	2860
2545	3154
2545	3187
2548	2847
2548	2848
2550	2551
2550	2849
2550	2850
2550	2853
2550	3038
2550	3130
2551	2850
2551	2853
2553	2554
2553	2870
2553	2871
2553	2872
2553	2922
2553	2971
2553	3149
2554	2575
2554	2596
2554	2633
2554	2870
2554	2871
2554	3187
2556	2621
2556	4174
2556	4186
2556	4317
2559	2627
2559	3242
2559	3243
2560	2604
2561	2760
2561	2826
2561	2878
2561	2883
2561	2900
2561	2986
2561	3017
2561	3153
2563	2790
2563	3146
2563	3147
2564	2658
2565	2676
2565	2677
2565	2817
2565	2894
2567	2593
2567	2704
2568	2895
2569	2666
2572	2899
2574	2575
2574	2597
2574	2905
2574	2964
2574	2972
2574	3097
2574	3154
2575	2597
2575	2653
2575	2733
2575	2905
2575	2964
2575	3154
2575	3187
2576	3043
2576	3277
2577	2641
2577	3208
2577	3248
2578	2586
2579	2580
2581	2907
2582	2583
2584	2657
2584	2908
2585	2586
2585	2604
2585	2710
2585	2722
2585	2880
2585	2889
2585	3158
2585	3197
2585	3215
2585	3740
2586	2604
2586	2702
2586	2911
2588	2668
2588	3016
2588	3225
2590	2604
2590	4409
2592	2860
2592	2861
2593	2704
2593	2909
2594	2909
2595	3005
2595	3157
2596	2633
2596	3187
2597	2733
2597	2917
2597	2964
2601	2936
2601	2964
2601	3033
2601	3049
2603	2608
2603	2651
2603	3115
2604	2605
2604	2609
2604	2953
2604	2954
2604	2955
2604	2956
2605	2606
2606	2960
2607	2608
2607	2611
2607	2612
2607	2654
2607	2733
2607	3064
2608	2623
2611	2612
2611	2653
2614	2617
2614	2970
2614	3047
2615	2616
2616	3233
2616	3266
2617	2885
2617	2970
2617	2973
2619	2966
2620	2789
2621	4099
2621	4174
2621	4186
2621	4317
2622	2638
2625	2627
2626	2627
2627	3014
2627	3015
2627	3016
2627	3243
2628	2988
2628	2990
2629	2652
2629	2795
2629	2826
2629	2878
2629	2883
2629	2986
2629	3017
2633	2682
2633	3187
2640	2966
2641	3208
2643	2644
2643	2826
2643	3236
2644	3236
2644	3237
2645	2648
2645	2649
2646	3261
2647	3255
2647	3256
2647	3257
2647	3258
2647	3259
2648	2649
2649	3273
2650	3288
2651	2790
2651	2960
2651	3114
2652	2760
2652	2795
2652	2826
2652	2878
2652	2883
2652	2986
2652	3017
2653	3188
2654	2733
2654	2991
2654	3064
2655	2825
2655	2865
2655	3177
2655	3178
2657	2693
2657	2809
2657	2908
2657	2918
2657	2927
2657	3077
2659	2670
2659	3179
2662	2684
2662	2705
2662	2819
2662	2837
2662	2866
2662	2944
2662	2959
2662	2969
2662	3104
2665	2799
2669	3155
2670	2795
2670	3179
2670	3221
2671	2796
2671	3001
2671	3026
2671	3110
2671	3143
2671	3152
2671	3228
2671	3250
2672	2673
2674	2710
2674	2890
2674	3215
2675	2914
2675	3276
2676	2677
2676	2894
2677	2894
2679	2680
2679	2949
2680	2949
2684	2702
2684	2705
2684	2813
2684	2819
2684	2866
2684	2969
2684	3116
2685	2686
2686	3003
2687	2723
2687	2846
2687	3098
2687	3213
2690	2691
2692	3145
2692	3262
2693	2843
2693	2908
2696	2703
2696	2786
2696	2787
2697	2881
2697	3093
2697	3133
2697	3134
2697	3270
2702	2705
2702	2866
2702	2966
2702	2969
2703	2786
2703	3012
2704	2896
2704	2909
2704	4928
2705	2819
2705	2866
2705	2969
2710	2880
2710	3158
2710	3215
2711	2957
2711	3210
2711	3220
2711	3263
2715	3057
2716	3244
2716	3279
2717	2719
2717	3158
2717	4022
2717	4023
2719	4023
2722	2973
2723	2846
2723	3098
2723	3213
2724	2756
2724	2779
2724	2838
2724	2857
2724	3105
2725	2726
2726	3061
2727	2968
2727	3009
2727	3287
2728	3062
2729	2731
2730	2732
2733	2964
2733	3064
2734	2736
2734	2737
2734	2738
2736	2737
2736	2738
2736	2806
2736	3010
2737	2738
2737	2779
2737	3193
2739	3042
2740	2760
2740	2883
2740	3041
2740	3042
2741	2958
2743	2804
2745	2814
2745	3012
2752	3087
2756	2779
2756	2857
2758	3099
2760	2795
2760	2840
2760	2878
2760	2883
2760	3041
2760	3153
2764	2765
2765	2823
2765	2829
2765	2834
2765	2997
2766	3176
2774	2981
2774	3003
2778	2842
2779	2838
2779	2839
2779	3105
2779	3193
2781	2967
2781	2968
2782	2956
2783	2784
2783	2785
2783	3076
2784	2785
2784	3076
2786	2787
2786	3267
2787	3267
2791	2792
2791	2844
2793	2967
2793	3012
2795	2986
2796	2839
2796	3001
2796	3004
2796	3026
2796	3110
2796	3143
2796	3152
2796	3228
2796	3250
2797	2798
2797	2799
2797	2800
2797	2997
2797	3151
2797	3211
2798	2800
2798	2947
2798	3150
2798	3211
2798	3222
2798	3253
2800	2997
2800	3151
2800	3211
2801	3059
2801	3129
2806	3238
2807	2931
2807	3046
2807	3047
2808	2842
2808	2981
2809	2843
2809	2908
2810	2840
2810	3036
2810	3231
2811	2978
2813	3116
2814	2967
2814	3011
2815	3142
2819	2866
2819	2944
2819	2969
2819	3131
2820	2825
2820	3177
2820	3178
2823	2829
2823	2834
2823	2997
2825	2865
2825	3177
2825	3178
2826	2829
2826	2834
2826	2878
2826	2883
2826	2986
2826	3017
2829	2834
2829	2997
2829	4409
2829	4667
2829	4934
2834	2997
2834	4409
2834	4934
2837	3104
2838	2839
2838	2857
2838	3105
2839	3152
2840	3025
2841	2847
2841	2932
2841	3020
2842	2981
2846	2858
2846	2862
2846	2936
2846	3018
2846	3098
2846	3213
2847	2932
2847	3020
2849	2851
2849	2914
2849	3130
2849	3280
2850	2853
2850	2854
2851	2852
2851	2914
2851	3038
2851	3126
2851	3156
2851	3276
2851	3280
2852	2914
2852	3126
2852	3130
2852	3156
2852	3275
2852	3276
2852	3280
2853	2854
2855	2856
2857	3080
2858	3213
2860	2861
2864	3028
2865	3177
2866	2969
2866	3104
2866	3121
2869	3071
2869	3136
2869	3137
2870	2922
2870	3149
2871	2877
2871	2971
2872	2873
2874	2917
2878	2883
2878	2986
2878	3017
2878	3153
2879	3111
2879	3144
2879	3246
2880	2882
2880	3158
2880	3197
2880	3215
2880	3230
2881	2882
2881	3093
2881	3111
2881	3117
2881	3133
2881	3270
2883	2900
2883	2986
2883	3153
2884	3058
2884	3146
2884	3147
2885	2886
2885	2973
2891	2942
2893	3435
2893	4877
2896	2897
2900	2901
2905	3154
2908	2918
2908	2927
2908	3077
2908	3096
2914	3038
2914	3126
2914	3276
2914	3280
2916	2918
2918	2926
2918	2927
2918	3096
2920	3078
2922	2971
2922	3123
2922	3128
2922	3149
2924	2925
2924	2937
2924	2938
2926	2929
2927	3096
2931	3046
2931	3047
2932	3020
2936	2972
2936	3034
2936	3049
2937	3156
2938	2994
2938	3140
2939	3169
2939	4024
2940	3195
2941	3170
2944	2945
2944	3200
2945	3131
2945	3200
2947	3150
2947	3253
2949	2950
2952	3035
2953	2954
2956	3094
2959	3148
2959	3200
2964	3154
2967	3011
2971	3149
2976	3038
2977	3267
2978	3191
2981	3003
2983	3232
2986	3017
2986	3153
2987	3122
2988	2990
2993	3118
2993	3119
2996	3245
2997	3211
2998	3095
2998	3197
2999	3141
3001	3143
3004	3026
3004	3110
3005	3056
3008	3221
3008	3269
3009	3165
3009	3264
3013	3014
3014	3015
3014	3016
3014	3225
3015	3016
3015	3225
3018	3173
3018	3213
3020	3160
3020	3174
3022	3029
3024	3071
3024	3137
3024	3201
3026	3110
3027	3048
3027	3049
3028	3122
3030	3059
3030	3127
3030	3128
3030	3284
3032	3091
3032	3102
3033	3034
3033	3049
3036	3231
3037	3041
3038	3126
3038	3280
3041	3042
3043	3277
3044	3075
3046	3047
3048	3049
3058	3146
3058	3147
3059	3127
3059	3128
3059	3129
3062	3068
3063	3104
3063	3148
3065	3159
3065	3186
3065	3202
3069	3070
3071	3136
3071	3137
3071	3201
3072	3081
3074	3085
3075	3088
3077	3096
3082	3101
3091	3102
3093	3133
3093	3270
3097	3281
3098	3213
3109	3148
3110	3152
3110	3228
3110	3250
3117	3144
3117	3246
3121	3161
3123	3129
3123	3149
3124	3129
3124	3141
3126	3130
3126	3280
3127	3128
3127	3129
3128	3141
3128	3149
3129	3284
3133	3270
3134	3270
3136	3137
3144	3246
3145	3262
3146	3147
3150	3222
3150	3253
3151	3211
3152	3228
3152	3250
3153	3198
3154	3187
3156	3275
3158	3215
3158	4022
3159	3186
3159	3202
3160	3174
3165	3264
3177	3178
3186	3202
3188	3283
3197	3230
3210	3220
3210	3263
3213	4934
3214	3252
3220	3263
3228	3250
3236	3237
3244	3279
3251	3266
3255	3258
3256	3257
3258	3259
3285	3286
3293	3411
3294	3388
3295	3298
3295	3299
3295	3314
3295	3388
3295	3558
3295	4861
3296	3297
3296	3326
3296	3433
3296	3506
3296	3568
3297	3309
3297	3310
3297	3460
3297	3478
3298	3299
3298	3314
3298	3558
3298	3741
3299	3314
3299	3329
3299	3558
3301	3622
3301	3708
3302	3630
3302	3631
3304	3384
3304	3469
3304	3591
3305	3415
3305	3468
3305	3526
3306	3467
3306	3502
3307	3344
3307	3540
3307	3627
3307	3652
3308	3474
3308	3654
3309	3310
3309	3460
3309	3478
3309	3645
3310	3460
3310	3478
3311	3312
3311	3632
3311	3697
3312	3321
3312	3335
3312	3351
3312	3359
3312	3484
3312	3632
3312	3673
3312	3689
3312	3697
3312	3702
3314	3329
3314	3558
3315	3656
3316	3317
3316	3392
3316	3393
3316	3536
3316	3724
3317	3392
3317	3393
3317	3724
3318	4864
3319	3418
3319	3497
3319	3565
3319	3677
3320	3360
3320	3546
3321	3333
3321	3484
3321	3632
3322	3323
3322	3668
3322	4830
3323	3331
3323	3435
3323	4603
3325	3572
3327	3713
3327	3740
3328	3742
3329	3365
3329	3558
3330	3331
3330	3580
3330	3705
3331	3435
3331	4603
3332	3616
3333	3413
3333	3484
3333	3684
3335	3336
3337	3349
3337	3429
3337	3628
3337	3672
3337	4865
3340	3413
3340	4483
3341	3342
3341	3413
3341	4876
3341	4883
3342	3413
3342	4876
3342	4883
3343	3573
3343	3574
3343	3638
3343	3639
3344	3647
3344	3652
3345	3403
3347	3348
3347	3661
3349	3429
3349	3456
3349	3458
3349	3661
3349	3663
3349	4865
3349	4912
3349	4923
3350	3673
3350	3674
3350	3688
3351	3689
3352	3361
3352	3365
3352	3612
3352	4582
3354	3355
3354	3716
3355	3569
3355	3715
3355	3716
3356	3683
3356	3722
3358	3359
3358	3585
3358	3726
3359	3466
3361	3362
3361	4582
3361	4678
3362	4582
3364	3579
3364	4570
3365	3716
3367	3368
3367	3369
3368	3369
3371	3567
3371	3621
3371	3732
3372	4878
3372	4914
3373	3430
3374	3431
3375	3416
3375	3431
3381	4906
3384	3468
3384	3591
3385	4850
3386	3445
3386	3447
3386	3448
3386	3720
3392	3393
3392	3724
3393	3724
3394	3607
3394	3709
3395	3594
3395	3726
3396	3656
3399	3565
3400	3534
3403	3748
3404	3609
3404	3682
3406	3410
3407	3410
3407	3666
3407	3712
3410	3411
3410	3666
3412	3468
3412	3626
3413	3484
3413	3684
3415	3467
3415	3468
3415	3526
3415	3613
3416	3430
3416	3431
3418	3565
3418	3573
3419	3627
3422	3528
3422	3553
3423	3425
3424	3426
3429	3619
3430	3431
3432	3638
3435	4603
3439	3624
3445	3447
3445	3448
3445	3720
3447	3720
3452	3497
3454	4845
3456	3458
3456	3663
3458	3663
3459	3465
3460	3478
3462	3465
3463	3464
3467	3468
3467	3502
3467	3613
3468	3469
3468	3526
3468	3527
3468	3591
3468	3613
3469	3470
3469	3526
3471	3698
3477	3684
3479	3626
3481	3699
3482	3536
3482	3703
3484	3632
3484	3684
3485	3567
3486	3487
3492	3650
3492	3651
3492	3663
3494	3734
3495	3500
3495	3735
3497	3500
3498	3627
3503	3527
3511	3512
3512	3564
3512	4409
3536	3620
3536	3703
3537	3538
3541	3604
3542	3717
3549	3706
3553	3675
3554	3650
3554	3651
3563	3572
3566	3602
3566	3719
3568	3731
3572	3589
3573	3574
3573	3583
3573	3677
3574	3638
3576	3578
3576	3718
3578	3718
3579	4570
3582	3612
3583	3625
3585	3726
3586	3637
3591	3615
3594	3726
3598	3674
3602	3719
3603	3605
3603	3606
3603	3660
3605	3606
3605	3660
3607	3709
3609	3661
3609	3682
3630	3631
3633	3683
3633	3685
3633	3721
3645	3722
3649	4885
3650	3651
3651	3663
3673	3702
3680	3681
3683	3721
3683	3722
3685	3721
3689	3702
3694	3695
3707	3708
3713	3740
3718	3731
3720	3737
3725	3727
3750	3762
3752	3804
3752	3936
3753	3755
3756	3757
3756	3922
3756	3930
3756	3931
3757	3792
3757	3922
3757	3930
3757	3931
3758	3883
3761	3784
3761	3788
3762	3788
3762	3932
3763	3766
3763	3789
3763	3938
3763	4199
3766	3789
3766	3838
3766	3862
3767	3840
3768	3906
3768	3942
3771	3772
3771	3846
3771	3847
3772	3846
3772	3868
3773	3795
3773	3802
3773	3928
3774	3805
3774	3863
3775	3809
3777	3786
3777	3797
3777	3916
3778	3943
3779	3855
3779	3871
3779	3893
3781	3798
3781	3871
3781	4399
3782	3870
3783	3785
3783	3841
3785	3787
3785	3798
3785	3905
3785	4199
3786	3787
3786	3857
3786	3896
3788	3935
3792	3809
3792	3930
3793	3794
3793	3866
3793	3904
3795	3802
3796	3797
3796	3916
3797	3937
3802	3803
3802	3928
3803	3928
3803	3938
3805	3811
3805	3863
3805	3864
3807	3844
3809	3857
3809	3896
3809	3922
3809	3930
3811	3814
3811	3831
3811	3864
3811	4090
3812	3898
3814	3831
3814	3849
3814	3908
3815	3849
3817	3889
3817	3890
3823	3893
3823	3913
3824	3825
3824	3860
3824	3903
3825	3860
3825	3903
3825	3927
3827	3828
3827	3944
3829	3832
3830	3832
3831	3849
3834	3835
3834	3855
3836	3841
3836	3907
3836	3918
3838	3844
3838	3862
3840	3843
3840	3844
3843	3844
3846	3847
3850	3851
3852	3853
3854	3888
3857	3930
3858	3859
3859	3868
3862	3901
3863	3864
3866	3904
3867	3872
3867	3895
3871	3916
3872	3895
3873	3874
3873	3903
3874	3903
3875	3892
3877	3887
3878	3904
3881	3882
3882	3916
3882	3917
3883	3910
3884	3885
3884	3914
3885	3914
3887	3888
3895	3919
3897	3898
3897	3923
3898	3918
3898	3933
3900	3919
3902	3903
3903	3927
3908	3925
3910	3917
3918	3933
3922	3930
3922	3931
3928	3938
3930	3931
3940	3941
3947	3973
3947	3984
3950	3975
3953	3983
3953	4001
3954	4062
3955	4056
3956	3957
3956	3963
3957	3977
3957	3979
3959	3979
3959	4011
3959	4017
3962	4004
3962	4047
3964	3965
3966	3985
3966	3987
3966	4041
3968	3969
3970	3972
3971	4028
3971	4029
3973	3984
3973	3995
3974	3986
3974	4077
3974	4078
3979	4019
3979	4020
3979	4027
3981	4014
3981	4038
3982	4035
3983	4001
3984	3985
3984	3987
3985	3986
3985	3987
3986	3987
3986	4078
3992	4012
4000	4020
4002	4020
4002	4032
4002	4047
4003	4033
4003	4034
4004	4036
4004	4038
4004	4047
4007	4049
4007	4056
4009	4046
4011	4017
4011	4019
4011	4020
4011	4027
4014	4032
4014	4080
4017	4019
4017	4020
4017	4027
4019	4020
4019	4027
4020	4027
4022	4034
4024	4026
4026	4033
4028	4029
4029	4047
4029	4080
4030	4041
4032	4080
4036	4038
4036	4039
4038	4080
4040	4048
4040	4049
4044	4045
4044	4046
4045	4046
4052	4069
4052	4095
4054	4055
4060	4063
4060	4071
4069	4105
4072	4073
4073	4076
4077	4078
4081	4085
4083	4099
4084	4086
4084	4090
4084	4099
4084	4691
4086	4090
4086	4161
4086	4162
4087	4158
4090	4121
4090	4150
4090	4160
4090	4161
4090	4162
4090	4217
4092	4208
4093	4102
4093	4147
4093	4151
4094	4152
4094	4276
4094	4279
4097	4136
4097	4246
4098	4282
4098	4283
4099	4110
4102	4147
4102	4151
4102	4212
4102	4305
4103	4225
4106	4107
4110	4237
4110	4243
4111	4173
4111	4201
4115	4172
4115	4187
4115	4188
4115	4193
4115	4196
4115	4211
4115	4218
4117	4118
4117	4240
4118	4154
4119	4163
4119	4285
4119	4458
4119	4463
4119	4464
4119	4465
4121	4142
4121	4150
4121	4202
4121	4304
4123	4124
4125	4127
4125	4201
4127	4201
4128	4201
4128	4221
4128	4317
4129	4323
4132	4156
4136	4222
4137	4138
4137	4157
4137	4228
4138	4154
4138	4161
4138	4162
4140	4143
4141	4143
4142	4143
4143	4304
4147	4170
4147	4171
4147	4204
4147	4287
4149	4173
4150	4202
4151	4215
4152	4163
4152	4165
4154	4193
4155	4156
4155	4249
4157	4228
4157	4229
4157	4233
4158	4162
4158	4230
4160	4206
4160	4217
4160	4269
4161	4162
4162	4172
4164	4174
4164	4219
4165	4289
4166	4181
4167	4168
4167	4169
4167	4196
4168	4169
4169	4196
4170	4171
4170	4204
4170	4287
4171	4204
4171	4287
4172	4191
4172	4192
4172	4193
4174	4186
4174	4207
4174	4317
4178	4179
4180	4182
4180	4187
4181	4210
4181	4315
4182	4226
4186	4201
4186	4317
4187	4188
4187	4196
4187	4211
4187	4218
4187	4235
4188	4218
4189	4214
4191	4193
4192	4193
4192	4211
4195	4254
4195	4266
4196	4211
4199	4202
4199	4206
4199	4227
4203	4235
4203	4256
4204	4286
4204	4287
4205	4219
4206	4217
4206	4269
4209	4310
4210	4315
4211	4218
4212	4305
4218	4219
4218	4301
4221	4222
4221	4317
4224	4270
4224	4272
4224	4273
4224	4274
4224	4275
4229	4233
4237	4243
4249	4258
4255	4264
4263	4264
4270	4273
4272	4275
4276	4279
4284	4321
4291	4292
4299	4318
4302	4303
4305	4307
4311	4312
4327	4365
4328	4346
4329	4377
4330	4401
4330	4413
4331	4407
4332	4335
4332	4340
4332	4344
4332	4347
4332	4352
4332	4361
4332	4368
4332	4373
4332	4381
4332	4391
4332	4402
4332	4408
4332	4413
4333	4340
4333	4355
4333	4359
4335	4347
4335	4349
4335	4381
4335	4395
4335	4402
4335	4413
4335	4419
4336	4340
4336	4342
4336	4345
4336	4349
4336	4361
4336	4373
4336	4395
4336	4398
4336	4419
4337	4402
4340	4349
4340	4361
4340	4373
4340	4395
4340	4400
4340	4419
4341	4344
4341	4352
4341	4367
4341	4374
4341	4376
4341	4384
4342	4345
4342	4361
4342	4365
4342	4409
4342	4414
4343	4345
4343	4365
4343	4396
4343	4399
4344	4345
4344	4352
4344	4374
4344	4376
4344	4381
4344	4384
4344	4401
4344	4408
4345	4347
4345	4352
4345	4365
4345	4368
4345	4398
4345	4408
4345	4409
4345	4414
4346	4417
4347	4349
4347	4361
4347	4373
4347	4395
4347	4398
4347	4419
4349	4361
4349	4373
4349	4395
4349	4398
4349	4402
4349	4419
4351	4359
4352	4369
4352	4374
4352	4376
4352	4384
4352	4408
4355	4391
4355	4396
4355	4403
4357	4417
4358	4359
4358	4364
4358	4416
4359	4361
4359	4364
4359	4372
4361	4372
4361	4373
4361	4395
4361	4398
4361	4402
4361	4419
4362	4363
4363	4370
4365	4368
4365	4375
4365	4396
4365	4404
4365	4409
4365	4414
4367	4374
4367	4376
4367	4384
4367	4392
4367	4404
4367	4410
4367	4414
4368	4373
4368	4375
4368	4413
4369	4374
4370	4374
4371	4379
4371	4380
4371	4388
4371	4397
4371	4416
4372	4373
4372	4381
4372	4391
4372	4395
4372	4412
4372	4413
4373	4391
4373	4395
4373	4396
4373	4412
4373	4413
4373	4419
4374	4376
4374	4384
4374	4392
4374	4408
4375	4381
4376	4384
4376	4392
4376	4404
4376	4408
4379	4380
4379	4416
4380	4388
4380	4397
4380	4416
4381	4408
4381	4412
4383	4391
4383	4396
4383	4403
4384	4385
4384	4392
4384	4401
4384	4404
4384	4408
4388	4397
4391	4395
4391	4396
4391	4412
4392	4401
4392	4410
4393	4395
4393	4409
4394	4396
4395	4396
4395	4398
4395	4412
4395	4413
4395	4419
4398	4402
4398	4419
4401	4408
4402	4419
4404	4410
4404	4414
4409	4414
4409	4667
4412	4413
4420	4421
4421	4436
4422	4432
4422	4435
4432	4435
4435	4436
4437	4439
4437	4441
4438	4439
4441	4442
4444	4462
4446	4461
4447	4448
4448	4455
4448	4458
4448	4465
4448	4466
4451	4454
4452	4454
4455	4458
4455	4464
4455	4465
4455	4466
4458	4464
4458	4465
4458	4466
4460	4461
4464	4465
4464	4466
4465	4466
4469	4602
4469	4626
4469	4786
4471	4657
4472	4671
4473	4474
4474	4476
4474	4552
4474	4573
4474	4646
4474	4652
4474	4867
4476	4477
4476	4628
4476	4662
4477	4574
4477	4832
4478	4479
4481	4655
4482	4483
4482	4772
4483	4876
4485	4530
4485	4601
4488	4562
4491	4492
4491	4580
4491	4584
4493	4510
4493	4616
4493	4786
4495	4553
4495	4659
4496	4687
4498	4499
4498	4500
4498	4764
4499	4764
4500	4764
4502	4503
4502	4561
4503	4561
4506	4546
4510	4626
4510	4786
4511	4643
4512	4696
4513	4514
4513	4598
4514	4598
4516	4522
4516	4554
4516	4620
4516	4666
4518	4691
4518	4778
4520	4521
4520	4592
4520	4620
4520	4635
4520	4776
4520	4800
4520	4801
4520	4802
4521	4592
4521	4800
4522	4554
4522	4620
4523	4654
4524	4659
4525	4609
4525	4685
4525	4686
4530	4687
4532	4596
4532	4651
4534	4535
4534	4541
4534	4618
4534	4673
4534	4722
4535	4618
4537	4861
4538	4805
4539	4763
4539	4808
4540	4588
4540	4789
4541	4618
4541	4722
4542	4646
4542	4675
4543	4580
4544	4579
4546	4700
4547	4606
4549	4576
4552	4652
4554	4666
4555	4579
4562	4679
4564	4565
4564	4602
4564	4640
4564	4641
4564	4813
4564	4814
4564	4815
4565	4640
4565	4813
4566	4567
4567	4667
4567	4861
4570	4761
4571	4662
4573	4574
4573	4652
4575	4820
4578	4722
4578	4723
4580	4584
4585	4587
4585	4589
4586	4589
4588	4788
4588	4789
4590	4657
4592	4635
4592	4776
4592	4800
4592	4802
4593	4611
4594	4656
4599	4819
4602	4640
4605	4619
4605	4625
4608	4644
4609	4667
4609	4685
4609	4686
4612	4679
4615	4643
4618	4722
4619	4625
4619	4637
4625	4637
4626	4786
4627	4649
4628	4661
4628	4662
4632	4649
4635	4776
4635	4802
4639	4689
4639	4690
4639	4781
4640	4641
4640	4813
4641	4813
4646	4675
4647	4674
4649	4737
4649	4739
4649	4750
4649	4753
4649	4754
4652	4867
4660	4688
4661	4662
4663	4664
4667	4686
4670	4689
4672	4676
4677	4684
4682	4683
4685	4686
4689	4691
4690	4781
4691	4778
4693	4695
4693	4927
4695	4927
4698	4699
4706	4716
4706	4719
4708	4728
4708	4729
4708	4733
4708	4746
4708	4757
4716	4719
4717	4728
4717	4748
4721	4751
4721	4755
4722	4723
4726	4756
4728	4729
4729	4746
4730	4751
4733	4745
4733	4757
4737	4739
4737	4750
4739	4750
4745	4757
4749	4784
4750	4751
4755	4758
4763	4808
4767	4769
4776	4802
4788	4792
4798	4822
4813	4815
4828	4836
4828	4897
4832	4889
4834	4847
4834	4916
4835	4836
4836	4837
4836	4884
4836	4897
4840	4841
4840	4842
4840	4843
4840	4867
4842	4843
4844	4887
4847	4916
4848	4900
4850	4909
4857	4859
4861	4868
4864	4887
4865	4912
4865	4923
4867	4868
4871	4893
4872	4873
4872	4890
4872	4905
4872	4917
4873	4891
4873	4917
4876	4883
4877	4885
4877	4887
4878	4879
4878	4914
4878	4924
4880	4888
4880	4900
4885	4886
4885	4887
4886	4887
4887	4889
4888	4900
4890	4905
4891	4893
4892	4893
4898	4926
4901	4902
4901	4921
4902	4921
4908	4919
4912	4923
