1	3586
1	3637
2	3625
3	4930
4	88
4	90
6	8
8	9
8	10
9	10
9	61
9	74
9	205
11	93
11	98
11	125
12	13
12	83
12	147
13	14
13	147
14	17
14	147
16	160
17	29
23	4446
23	4461
25	41
25	58
25	232
26	138
26	140
26	203
28	42
28	74
28	98
28	135
29	130
29	160
30	123
30	140
33	34
33	141
34	141
35	36
35	69
36	37
36	45
36	47
36	157
37	39
41	58
41	232
42	98
43	94
43	163
43	191
45	47
45	171
46	182
46	184
48	101
48	967
49	4447
49	4448
51	194
52	111
52	148
55	172
55	195
56	175
57	236
58	232
59	167
60	146
60	153
60	155
60	173
62	154
62	159
63	68
63	979
64	68
64	979
64	4893
67	70
67	108
68	69
68	979
68	4893
69	70
69	979
69	1030
69	1050
69	1052
69	1058
69	2344
72	73
72	112
74	98
74	135
74	205
76	86
76	110
77	191
79	80
80	184
83	218
84	4446
86	110
88	90
88	195
88	198
92	174
94	131
95	171
98	125
98	135
98	236
102	140
103	145
103	190
105	184
107	177
107	178
108	116
108	207
108	3371
108	4120
111	148
111	192
112	113
113	3770
114	115
116	522
119	175
123	140
124	194
128	129
129	235
130	160
135	236
137	223
137	227
138	139
138	140
138	143
139	140
143	202
144	192
145	196
146	153
146	155
146	156
146	173
146	189
153	154
153	155
153	156
153	157
153	158
153	173
154	156
154	157
154	159
155	156
155	173
155	189
156	189
163	164
163	191
168	170
169	170
169	227
172	195
177	179
177	180
178	205
179	180
179	199
179	201
182	184
184	200
184	966
184	997
192	193
195	204
198	200
198	201
199	201
210	211
219	224
221	225
223	227
236	237
239	354
240	316
240	337
242	283
242	284
242	363
244	335
245	247
246	371
249	280
249	305
249	306
249	313
251	319
251	367
251	370
252	322
252	370
252	376
253	564
253	1178
254	283
254	285
255	283
255	284
255	285
255	299
257	310
257	360
257	368
257	381
258	306
258	311
260	350
260	369
260	382
269	341
269	346
269	362
270	273
270	292
273	325
274	325
276	351
277	342
277	355
278	293
278	298
278	335
278	378
279	282
279	295
279	302
279	313
280	282
280	305
280	313
282	295
282	302
282	313
283	284
290	4435
290	4436
290	4439
292	362
293	298
295	302
295	313
297	300
297	308
298	343
302	313
304	305
305	306
305	313
306	311
306	313
306	316
306	1178
306	1294
309	353
309	2505
310	368
314	326
315	356
317	318
317	1119
319	322
319	370
321	4341
322	370
327	328
327	379
328	379
329	330
331	340
332	333
332	353
334	352
336	337
340	341
341	346
342	343
350	369
350	382
355	356
360	368
360	381
361	362
368	381
369	382
384	393
384	426
384	447
386	387
386	445
386	2307
387	445
387	2307
389	2212
389	2264
389	2282
389	2304
389	2372
391	394
391	409
391	423
391	457
392	425
392	436
393	395
393	447
394	442
394	457
395	419
395	456
395	2392
395	2393
396	420
396	2231
396	2283
399	420
402	411
402	436
404	405
405	406
405	431
405	457
405	460
405	472
407	408
407	437
408	437
413	414
413	415
413	468
414	415
414	425
416	417
416	444
416	469
417	430
418	421
419	421
420	421
422	439
422	1424
422	1784
423	457
424	425
425	426
426	447
430	469
431	432
431	472
432	436
445	2307
448	449
448	465
449	465
454	470
456	465
458	461
464	469
464	1899
469	2505
469	2601
469	2936
474	4149
474	4173
477	483
477	484
477	496
478	498
479	480
479	481
479	491
481	491
482	485
483	484
483	496
484	493
484	496
485	486
485	498
486	498
488	1183
489	494
490	2543
490	2799
490	2835
490	2848
490	2947
490	3150
490	3253
497	498
501	522
501	549
501	569
501	570
504	564
504	1481
506	546
506	565
507	546
508	544
508	566
509	545
510	561
511	513
511	534
511	538
511	542
521	522
521	4448
521	4455
521	4458
521	4465
521	4466
522	570
522	4120
523	532
525	530
525	531
528	529
530	531
532	548
534	550
535	536
535	559
535	574
536	559
536	574
538	542
538	550
538	551
539	544
539	566
542	550
542	551
543	565
544	561
544	566
546	557
547	548
547	555
548	552
548	568
552	555
553	554
556	564
557	558
557	563
559	574
564	1482
564	4133
564	4211
567	568
569	4455
570	4119
575	657
575	660
577	578
578	594
578	610
580	650
580	720
580	725
581	584
581	585
582	584
582	585
584	585
584	652
584	667
585	614
585	652
585	667
587	624
587	678
587	679
587	703
588	593
588	597
589	591
589	594
592	597
592	598
594	627
594	628
594	692
594	705
597	598
597	601
597	620
599	602
603	604
603	606
604	606
605	606
605	628
605	658
605	666
605	4330
607	610
607	722
608	609
609	662
610	722
613	614
613	619
614	636
616	639
616	724
616	725
617	618
622	653
622	734
622	736
623	624
624	632
624	655
624	668
624	703
624	718
627	628
627	705
628	658
628	705
632	634
632	668
632	718
632	3454
633	634
635	636
636	647
637	698
637	706
637	728
639	653
639	685
640	641
643	644
644	648
644	687
645	646
647	648
650	725
651	653
651	685
652	653
652	667
652	680
652	682
652	692
652	726
653	685
653	736
653	3781
654	655
655	669
657	660
657	696
658	712
662	691
666	692
667	680
667	682
667	692
667	726
668	717
668	718
672	673
677	720
679	681
679	702
680	682
680	726
681	687
681	702
682	726
688	689
692	726
692	737
692	738
694	726
698	728
701	733
701	734
701	736
706	710
712	722
712	723
717	718
719	727
724	725
726	3781
731	732
733	734
733	736
734	736
737	738
739	740
739	749
739	763
740	748
740	763
740	775
741	744
741	1230
742	743
742	779
743	744
743	795
743	804
744	745
744	760
744	802
744	804
745	760
745	795
745	802
748	775
749	752
750	776
751	775
751	805
754	764
754	783
754	791
754	803
754	820
755	757
756	787
757	791
758	812
758	813
758	823
758	824
759	762
759	781
760	795
760	802
761	762
761	778
762	778
762	779
762	780
762	781
762	4689
763	815
764	774
764	820
767	773
770	771
770	785
770	797
771	772
772	823
772	824
774	781
774	820
775	805
776	786
777	814
779	789
779	795
779	804
779	808
780	781
780	783
780	803
781	791
781	803
783	791
783	803
787	791
787	803
788	789
790	2284
790	2302
791	803
793	811
793	822
793	1124
795	802
795	804
800	801
804	1230
806	807
808	809
809	822
811	822
811	1124
811	1576
813	823
813	1228
819	820
822	1124
822	1576
823	824
825	826
825	846
826	4462
827	877
829	833
829	834
829	836
831	832
831	855
831	856
831	868
831	869
831	895
831	899
831	903
831	904
831	910
831	919
831	932
832	904
832	910
833	834
833	866
834	866
837	871
837	872
838	853
843	861
843	862
843	863
843	4457
844	846
844	865
845	877
846	847
846	860
846	880
846	894
846	900
846	911
847	848
847	911
848	887
848	911
849	855
849	908
849	909
850	854
852	853
852	873
852	900
853	873
854	861
855	856
855	860
855	861
855	867
856	4455
856	4458
856	4464
856	4465
856	4466
857	882
859	882
859	883
861	862
864	883
865	900
867	868
867	903
867	919
867	932
868	932
869	895
869	899
869	903
869	904
869	910
869	919
871	928
871	2595
873	902
874	885
874	897
876	881
876	894
878	928
878	929
878	930
879	887
879	889
880	900
882	883
885	928
887	889
890	929
892	896
901	902
901	928
901	929
902	928
902	929
903	904
903	919
904	910
904	919
905	920
908	909
912	917
912	918
915	916
921	927
923	926
926	4413
927	4477
928	929
933	1014
934	935
935	969
937	1050
939	940
939	956
939	984
941	994
941	1014
943	944
944	945
944	1028
945	1006
948	949
948	950
948	951
948	977
948	1047
948	1048
949	951
949	962
950	970
951	962
951	1043
952	1023
952	1024
953	1032
953	1052
954	1050
956	957
962	993
963	991
965	966
965	1021
966	997
967	1000
967	1026
967	1027
967	1043
968	997
968	1057
970	996
970	1034
972	973
974	1023
974	1024
974	1059
975	1010
976	1034
976	1048
977	992
977	1047
980	4855
981	1015
981	1055
986	1010
986	2505
987	989
987	2595
991	1011
992	993
993	1049
994	999
995	1004
997	1006
997	1057
1000	1026
1000	1027
1000	1043
1002	1005
1002	1006
1002	1049
1004	1021
1004	1028
1005	1006
1005	1007
1005	1049
1006	1058
1012	1044
1015	1016
1015	1055
1019	1031
1022	1050
1022	1059
1023	1024
1023	1050
1023	1059
1024	1050
1024	1059
1025	1045
1026	1027
1027	1043
1029	1030
1029	1033
1029	1038
1029	1039
1029	1040
1030	1038
1030	1039
1030	1040
1031	1046
1031	1050
1032	1052
1033	1038
1033	1039
1033	1040
1034	1048
1038	1039
1038	1040
1039	1040
1041	1056
1046	1059
1049	2601
1049	2641
1050	1052
1050	1058
1050	1294
1052	1058
1060	1542
1063	1331
1063	1625
1063	1809
1064	1176
1064	1504
1066	2069
1067	1068
1067	1923
1067	1963
1067	2029
1068	1923
1068	1963
1068	2029
1069	1300
1069	1301
1069	1498
1069	1566
1069	1568
1070	1197
1070	1371
1071	1615
1072	1208
1072	1314
1072	1469
1073	1192
1074	1507
1075	1905
1078	1079
1078	1244
1078	1267
1078	1306
1078	1313
1081	1154
1081	1942
1082	1510
1082	1750
1083	1089
1083	1295
1083	1446
1085	1086
1085	1087
1085	1351
1086	1088
1086	1091
1086	1097
1086	1343
1086	1351
1086	2109
1087	1223
1087	1351
1088	1091
1089	1295
1089	1446
1090	1108
1090	1496
1090	2017
1091	1504
1091	1525
1093	1095
1093	2091
1093	2096
1093	2135
1094	1447
1095	1386
1095	1446
1095	2091
1095	2135
1095	2159
1095	2169
1096	1097
1096	1343
1096	1379
1096	2109
1097	1343
1097	1379
1097	2109
1098	1677
1098	1713
1098	1914
1099	1334
1100	2176
1101	1277
1102	1129
1102	1226
1102	1573
1103	1442
1104	1460
1104	1556
1104	1717
1105	1179
1105	1666
1106	1143
1106	1317
1106	1323
1106	1877
1107	1137
1107	1244
1107	1324
1108	1240
1108	1496
1109	1471
1109	1495
1111	1459
1113	1116
1115	1603
1116	1453
1117	1189
1117	1436
1117	1461
1117	1463
1117	1584
1117	2195
1118	1119
1118	4437
1119	1176
1122	1163
1123	1313
1124	1576
1126	1128
1128	1401
1129	1226
1129	1709
1131	1243
1131	1308
1131	1330
1131	2557
1133	1242
1133	1323
1133	1609
1134	1416
1134	1531
1135	1451
1136	1137
1136	1139
1140	1332
1140	1344
1140	1345
1140	1458
1140	1619
1140	1882
1142	1474
1142	1874
1143	1622
1143	1692
1143	1877
1145	1491
1147	1166
1147	1207
1147	1413
1147	1438
1147	1525
1147	2063
1148	1167
1148	1340
1148	1452
1149	1150
1149	1283
1150	1275
1150	1283
1151	1335
1151	1473
1151	1530
1151	2173
1152	1169
1152	1170
1152	1357
1152	1468
1152	1484
1154	1196
1154	1197
1155	1156
1156	1161
1156	1221
1156	1260
1158	1321
1158	1505
1158	1684
1158	1905
1159	1416
1160	1956
1161	1221
1161	1260
1161	1501
1162	1241
1164	1435
1165	1777
1166	1413
1166	1438
1166	1525
1168	1646
1169	1170
1169	1171
1169	1175
1169	1201
1169	1468
1170	1171
1170	1175
1170	1201
1170	1484
1170	1531
1171	1175
1171	1183
1171	1201
1172	2180
1173	1484
1173	1649
1175	1201
1177	1387
1178	1340
1178	1387
1179	1666
1183	1467
1185	1442
1185	1443
1186	2864
1186	3122
1188	1189
1188	1234
1191	1192
1191	1246
1192	1329
1192	1330
1193	1528
1194	1195
1195	1452
1196	1197
1198	1348
1198	1349
1198	1512
1199	1348
1199	1891
1201	1310
1202	1204
1202	1252
1202	1253
1203	1364
1204	1252
1204	1253
1204	1304
1204	1488
1205	1449
1205	2086
1206	1359
1206	1719
1206	1989
1206	2044
1207	2063
1208	1441
1208	1794
1208	2505
1209	1309
1210	1211
1210	1536
1215	1216
1216	1512
1218	1247
1218	1384
1218	1450
1218	1688
1219	1407
1219	1767
1219	1912
1223	1229
1223	1254
1223	1524
1223	1525
1223	1632
1224	1262
1224	1594
1224	1647
1224	2194
1226	1709
1227	1231
1228	1231
1229	1254
1229	1478
1229	1524
1229	1632
1230	1402
1231	1488
1232	1238
1235	1236
1235	1577
1236	1577
1238	1239
1238	1532
1242	1291
1243	1423
1244	1267
1244	1306
1244	1324
1244	1507
1245	1412
1245	1505
1247	1384
1249	1256
1250	1289
1251	2524
1252	1253
1253	1304
1254	1524
1254	1525
1254	1632
1255	1570
1255	1618
1256	1325
1256	1424
1257	1402
1257	1992
1262	1594
1262	1647
1262	2194
1264	1799
1267	1313
1267	1459
1268	1269
1268	1410
1268	1498
1268	1699
1268	1776
1268	1962
1272	1273
1272	1274
1272	1586
1272	1626
1273	1360
1273	1361
1273	1487
1273	1586
1276	1278
1276	1279
1276	1489
1276	2138
1277	1466
1277	2203
1278	1279
1278	1435
1278	1489
1278	2120
1279	1463
1280	1786
1281	1313
1282	1283
1282	1377
1282	1382
1283	1377
1284	1474
1284	1684
1284	2042
1286	1300
1286	1535
1286	1800
1287	1289
1289	1934
1291	1803
1291	1994
1294	1304
1294	4383
1294	4396
1296	1426
1298	1299
1298	1302
1298	1532
1298	1562
1298	1805
1298	2158
1299	1302
1299	1329
1299	1805
1300	1301
1300	1807
1301	1362
1301	1498
1305	1306
1308	1383
1308	2594
1309	1814
1310	1403
1310	1540
1310	1541
1310	2139
1311	2191
1311	2192
1313	1372
1313	1373
1314	1407
1314	1912
1316	1467
1316	1817
1317	1405
1317	1406
1317	1877
1318	1319
1320	1440
1320	1811
1321	1412
1321	1505
1321	1522
1321	1844
1323	1338
1323	1374
1323	1600
1323	1861
1323	2097
1323	2098
1324	1365
1325	1424
1326	1424
1326	1924
1327	1459
1328	1821
1330	1483
1331	1809
1332	1344
1332	1345
1332	1458
1332	1486
1333	1334
1333	1346
1333	1677
1333	2016
1334	1369
1334	1506
1334	1515
1334	1525
1334	1677
1337	1663
1337	1997
1338	1831
1342	1508
1343	2109
1344	1345
1344	1458
1344	1486
1344	2180
1345	1458
1345	1486
1345	1620
1345	2180
1346	1631
1346	1761
1347	1446
1347	1447
1348	1349
1348	1426
1348	1449
1348	1629
1348	1891
1352	1435
1353	3703
1356	1489
1356	2120
1356	2179
1357	2139
1359	1719
1359	2044
1360	1361
1360	1363
1360	1929
1360	1950
1361	1487
1362	1371
1362	1445
1362	1458
1363	1471
1364	1508
1365	1500
1367	1388
1367	1624
1368	1369
1372	1373
1372	1374
1372	4396
1377	1382
1377	1383
1378	1379
1378	1400
1378	2104
1379	2109
1380	1502
1380	1893
1382	1383
1384	1895
1386	1387
1386	2159
1386	2169
1388	1399
1389	1632
1390	1391
1390	1425
1399	1400
1400	1401
1403	1452
1403	1485
1403	1540
1403	1541
1405	1406
1407	1767
1407	1912
1408	1980
1410	1419
1410	1498
1412	1505
1413	1438
1413	1525
1416	1678
1416	1920
1417	1590
1417	1716
1417	1921
1418	1828
1419	1453
1424	1924
1425	2016
1426	1629
1427	1876
1427	2141
1430	1432
1435	1436
1435	2184
1436	1463
1439	1516
1439	1526
1439	1884
1440	1811
1441	1794
1442	1443
1442	1537
1442	1987
1443	1537
1444	1445
1446	2091
1446	2192
1447	2195
1448	2124
1449	1629
1451	2118
1452	1541
1453	1456
1455	1456
1455	1598
1455	1603
1455	1686
1456	1598
1458	1619
1458	1882
1460	2072
1460	2074
1460	2081
1461	1462
1461	1463
1461	2124
1463	1953
1463	2085
1463	2195
1467	2138
1468	1484
1468	1748
1468	4694
1471	2173
1472	1497
1472	2128
1482	4211
1484	1485
1484	1531
1484	1649
1486	1619
1487	1531
1489	2120
1489	2138
1489	2139
1491	1621
1491	1984
1492	1710
1494	1523
1494	1988
1497	2128
1499	1500
1499	1551
1499	1994
1499	1995
1502	1999
1502	2026
1506	1507
1506	1514
1506	1818
1507	1541
1513	1736
1513	2022
1514	1818
1514	2202
1516	1925
1519	1520
1519	1521
1520	1521
1522	1844
1523	1988
1524	1525
1524	1632
1525	1632
1528	1529
1528	1694
1530	1531
1530	2173
1531	2173
1532	2158
1536	2176
1540	1541
1542	1938
1545	1575
1545	1685
1545	1915
1547	1548
1547	1638
1547	1733
1547	1744
1548	1638
1548	1733
1550	1692
1550	1698
1550	1869
1554	1572
1554	1653
1554	1669
1554	1670
1554	1740
1554	1890
1554	1957
1554	2142
1562	2158
1563	1642
1563	1689
1563	1857
1564	1569
1564	1950
1566	1568
1570	1618
1571	1728
1572	1670
1572	1740
1572	1915
1572	2142
1573	1574
1573	2053
1575	1665
1575	1685
1575	1915
1575	1946
1577	1631
1578	1985
1583	1918
1584	1951
1584	2000
1585	1721
1585	1745
1586	1928
1589	1599
1589	1817
1589	2000
1589	2150
1590	1716
1590	1889
1591	1832
1594	1647
1594	2194
1596	2038
1598	1603
1598	1686
1599	1817
1599	2000
1599	2150
1600	1601
1600	1861
1600	2098
1602	2001
1602	2130
1602	2151
1603	1686
1604	1823
1605	2043
1609	1725
1609	2080
1612	1627
1614	1654
1614	1883
1614	1954
1614	2157
1615	2028
1617	1620
1618	1902
1619	1882
1621	1984
1622	1623
1622	1692
1622	1869
1622	2099
1623	1692
1623	1838
1623	2014
1623	2099
1623	2115
1633	1823
1633	1964
1635	1703
1636	1737
1636	1738
1639	2092
1642	1689
1643	1699
1643	1776
1644	1751
1644	1909
1644	2035
1647	2194
1648	1664
1649	1752
1649	1883
1649	1954
1653	1665
1653	1742
1653	1862
1653	1890
1653	2039
1654	1883
1654	1954
1654	2157
1655	1897
1661	1662
1661	1850
1661	1922
1663	1997
1664	2163
1665	1670
1665	1862
1665	1890
1665	1915
1665	2039
1667	1780
1669	1670
1670	1685
1670	1740
1670	1890
1670	2142
1672	1816
1673	1687
1673	1688
1676	1677
1685	1915
1687	1688
1687	2167
1689	1714
1689	1857
1690	1691
1690	1861
1690	1918
1690	2097
1691	1918
1692	1869
1692	2099
1697	2031
1698	1776
1698	1869
1699	1776
1702	2003
1705	1866
1708	1733
1708	1795
1709	2100
1713	1914
1713	2194
1716	1889
1719	2044
1721	1832
1721	1930
1725	2080
1726	1977
1732	2113
1734	1758
1734	1802
1734	1977
1734	2051
1737	1738
1738	2109
1740	2142
1741	1793
1742	1743
1747	2183
1749	1885
1752	2157
1753	2061
1753	2136
1754	1833
1755	1756
1755	4169
1757	1806
1757	1847
1759	1782
1759	2011
1760	1898
1760	2088
1767	1912
1769	2032
1782	2011
1786	2032
1786	2041
1793	2025
1795	1796
1806	1847
1807	2111
1807	2163
1815	2023
1815	2031
1817	2000
1817	2150
1817	4089
1820	2043
1823	1964
1827	1885
1827	2020
1827	2047
1831	1838
1838	2099
1839	1840
1842	2079
1844	2156
1846	1883
1856	2012
1861	2098
1862	1890
1862	2039
1863	1933
1868	1893
1868	1917
1868	1999
1868	2026
1869	2106
1871	1872
1871	1873
1872	2129
1876	2141
1883	1954
1883	2157
1885	2020
1885	2047
1890	2039
1893	1917
1893	1999
1893	2026
1897	1950
1898	2088
1899	1960
1903	1975
1909	2035
1917	1999
1917	2026
1922	2119
1923	1963
1923	2029
1929	1938
1932	1944
1933	1935
1933	2116
1934	1935
1940	2027
1940	4867
1945	2054
1945	2089
1945	2098
1951	2000
1953	2056
1953	2085
1953	2137
1953	2187
1954	2157
1957	2142
1961	2117
1963	2029
1965	2019
1965	2020
1969	1970
1973	2010
1977	2051
1980	1983
1993	1994
1993	1995
1994	1995
1999	2026
2000	2150
2019	2020
2019	2046
2020	2046
2020	2047
2023	2031
2028	2060
2031	2174
2031	2175
2032	2041
2039	2040
2054	2089
2054	2119
2054	2151
2056	2085
2063	2124
2064	2125
2065	2097
2066	2186
2066	2187
2070	2101
2071	2165
2071	2166
2073	2101
2073	2108
2074	2081
2079	2122
2082	2085
2082	2137
2083	2084
2083	2094
2084	2085
2084	2143
2085	2793
2089	2119
2089	2129
2091	2190
2094	2107
2096	2190
2099	2115
2102	2127
2102	2146
2104	2109
2106	2154
2110	2113
2111	2163
2127	2146
2131	2145
2135	2159
2135	2169
2136	2156
2137	2140
2137	2187
2138	2139
2140	2187
2152	2162
2159	2169
2165	2166
2168	2190
2173	3607
2174	2175
2186	2187
2205	2210
2205	2211
2210	2211
2210	2212
2210	2213
2211	2212
2211	2213
2212	2213
2214	2396
2214	4828
2214	4836
2214	4897
2219	2244
2219	2373
2219	2397
2220	2222
2220	2229
2221	2223
2221	2229
2221	2232
2221	2261
2221	2295
2221	2312
2221	2376
2221	2405
2222	2229
2222	2321
2222	2418
2223	2229
2223	2235
2223	2295
2223	2298
2223	2383
2225	2314
2229	2235
2229	2383
2230	2306
2230	2357
2231	2317
2231	2347
2231	2357
2232	2261
2235	2298
2235	2309
2235	2383
2237	2396
2238	2291
2238	2315
2238	2368
2239	2285
2239	2392
2241	2242
2241	2355
2241	4507
2241	4631
2242	2249
2242	2355
2242	4631
2243	2325
2243	2335
2244	2373
2244	2397
2247	2256
2248	2249
2248	2251
2248	4535
2248	4536
2249	2370
2249	4573
2249	4631
2249	4652
2255	2327
2256	2303
2256	2348
2257	2302
2258	2260
2258	2262
2259	2262
2259	2298
2262	2298
2262	2343
2262	2351
2262	2364
2263	2357
2264	2282
2264	2304
2266	2414
2267	2268
2267	2270
2267	2289
2267	2333
2267	2381
2267	2382
2267	2395
2268	2271
2268	2333
2268	2382
2270	2333
2270	2381
2271	2382
2274	2275
2274	2407
2276	2277
2276	2290
2278	2371
2279	2414
2280	2284
2281	2336
2282	2283
2282	2284
2282	2304
2282	2372
2284	2302
2284	2304
2285	2392
2286	2331
2287	2387
2289	2294
2289	2333
2289	2353
2289	2381
2289	2382
2289	2384
2289	2388
2289	2395
2290	2292
2291	2315
2291	2368
2294	2332
2294	2373
2294	2382
2294	2384
2294	2395
2295	2405
2298	2309
2298	2369
2298	2383
2300	2407
2303	2348
2303	2408
2304	2372
2309	2383
2309	2388
2312	2343
2312	2351
2312	2364
2312	4837
2314	2359
2315	2368
2316	2317
2318	2327
2318	2420
2320	2321
2320	2324
2321	2322
2321	2323
2321	2324
2322	2323
2327	2328
2327	2329
2327	2420
2328	2329
2328	2420
2332	2373
2332	2389
2333	2381
2333	2382
2333	2395
2335	2371
2336	2374
2337	2357
2339	2388
2342	2363
2343	2351
2343	2364
2346	4472
2347	2357
2349	2350
2351	2364
2353	2381
2353	2382
2353	2384
2353	2388
2353	2395
2355	2387
2355	4631
2360	2362
2363	2364
2363	2365
2364	2365
2370	4573
2373	2389
2373	2397
2376	2403
2378	2386
2381	2382
2381	2384
2381	2395
2382	2384
2382	2395
2384	2395
2384	2418
2388	2395
2392	2393
2393	2394
2397	2399
2409	4552
2409	4649
2409	4754
2414	4693
2414	4927
2423	4491
2423	4492
2423	4543
2423	4580
2424	2425
2424	2599
2425	2459
2425	2602
2426	2655
2426	3178
2428	2489
2428	2656
2429	2614
2429	2970
2434	2471
2434	2524
2434	2588
2434	2969
2435	2638
2436	2586
2436	2702
2438	2682
2439	2456
2439	2496
2439	2505
2439	2601
2439	2631
2439	2634
2439	2843
2439	2885
2439	2886
2439	2926
2439	2991
2439	3186
2440	4458
2440	4465
2442	2443
2443	2489
2443	2521
2443	2616
2444	2685
2444	2956
2445	2504
2445	2609
2445	2685
2446	3206
2447	2457
2447	2793
2448	2637
2448	3186
2449	3189
2450	2451
2450	2717
2452	2561
2452	2694
2452	3029
2454	3093
2454	3190
2455	2796
2455	2839
2455	3039
2455	3105
2455	3110
2455	3152
2455	3228
2455	3250
2456	2458
2456	2505
2456	2522
2456	2617
2456	2885
2456	2886
2456	2973
2457	2780
2457	2793
2457	3004
2457	3125
2458	2525
2458	2677
2459	2558
2459	2599
2460	2461
2460	2590
2461	2590
2463	2654
2463	2991
2464	2712
2464	2713
2465	2716
2465	2717
2465	3244
2465	3279
2468	2494
2468	2629
2468	2652
2468	2826
2468	2986
2468	3017
2471	2619
2472	2493
2472	3225
2473	2476
2473	2477
2473	2501
2473	2645
2473	2646
2473	2648
2474	2475
2475	2483
2475	2503
2475	2516
2475	2519
2475	2559
2478	2810
2479	2480
2479	2481
2479	2555
2481	2555
2484	2505
2484	3090
2484	3091
2485	2741
2485	2958
2486	2528
2486	2543
2486	2743
2486	2804
2487	2614
2487	2807
2487	2931
2487	3046
2487	3047
2488	2489
2488	2576
2488	2989
2488	3214
2489	2521
2489	2583
2489	2641
2489	3060
2489	3115
2490	2730
2492	2588
2492	2627
2492	3014
2492	3015
2492	3016
2493	2588
2493	2627
2493	3014
2493	3225
2494	2561
2494	2652
2494	2760
2494	2826
2494	3017
2495	2762
2495	2763
2496	2766
2497	2595
2497	2767
2497	2769
2497	3157
2498	2513
2498	2729
2499	2538
2499	2544
2499	2920
2499	3078
2500	2775
2501	2645
2501	2646
2501	2648
2501	3240
2501	3261
2502	3015
2502	3016
2502	3227
2504	2604
2504	2609
2504	2782
2504	2956
2505	2522
2505	2601
2505	2637
2505	2885
2505	2886
2505	2936
2505	2973
2505	3033
2505	3049
2505	3416
2505	4384
2505	4561
2507	2508
2509	2510
2509	2615
2509	2616
2509	2625
2509	3234
2514	2595
2515	2595
2516	2519
2518	2519
2519	2558
2519	2602
2520	2595
2520	3157
2520	3179
2521	2616
2521	2641
2521	4210
2522	2614
2522	2617
2522	2806
2522	2885
2522	2886
2522	2973
2522	3049
2523	2607
2523	2612
2523	2653
2524	2586
2524	2604
2524	2662
2524	2684
2524	2702
2524	2813
2525	2617
2525	2885
2527	2561
2527	2600
2527	2804
2528	2543
2528	2612
2528	2743
2528	2804
2528	4509
2529	2545
2529	2554
2529	2917
2529	3159
2529	3186
2530	2531
2530	2579
2530	2918
2530	3113
2531	2725
2531	2726
2533	2534
2533	2542
2533	2595
2533	2659
2533	2765
2533	2823
2533	2834
2533	2997
2533	3005
2533	3157
2533	3179
2534	2659
2534	2821
2534	2823
2538	2539
2538	2550
2538	2843
2538	2920
2538	3078
2539	2549
2541	2582
2541	2583
2542	2728
2542	2765
2542	2829
2542	2834
2542	2836
2542	2997
2543	2832
2544	2791
2545	2575
2545	2592
2545	2596
2545	2633
2545	2653
2545	2858
2545	2860
2545	3154
2545	3213
2546	2548
2546	2847
2548	2847
2548	2848
2550	2849
2550	2850
2550	2852
2550	2853
2550	2914
2550	3038
2550	3130
2550	3280
2551	2849
2551	2850
2551	2853
2552	3292
2553	2554
2553	2845
2553	2870
2553	2872
2553	2922
2553	2971
2553	3128
2553	3149
2553	3284
2554	2592
2554	2633
2554	2870
2554	2871
2554	3187
2556	2621
2556	4128
2556	4174
2556	4186
2556	4206
2556	4221
2556	4317
2559	2627
2559	3242
2559	3243
2560	2604
2560	2882
2561	2760
2561	2878
2561	2883
2561	2900
2561	2986
2561	3017
2561	3153
2561	3198
2562	4129
2563	2790
2563	3146
2563	3147
2564	2658
2565	2676
2565	2677
2565	2894
2566	2567
2568	2569
2568	2895
2569	2666
2569	2895
2572	2899
2574	2575
2574	2733
2574	2905
2574	2936
2574	3097
2574	3154
2575	2597
2575	2633
2575	2653
2575	2733
2575	2858
2575	2905
2575	2917
2575	2964
2575	3154
2576	3043
2576	3205
2576	3277
2577	2641
2577	3208
2578	2586
2582	2583
2584	2657
2584	2908
2585	2710
2585	2889
2585	3095
2585	3158
2585	3215
2586	2604
2586	2702
2586	2911
2588	3015
2588	3016
2588	3225
2592	2860
2592	2861
2593	2704
2593	2909
2595	2659
2595	2670
2595	3005
2595	3157
2595	3179
2595	3221
2595	3234
2595	3562
2595	3826
2595	4694
2596	2657
2596	2682
2596	2908
2596	2917
2596	2928
2596	3164
2596	4087
2597	2733
2597	2905
2597	2917
2597	2964
2597	3154
2600	2789
2600	2804
2601	2936
2601	2964
2601	3033
2601	3049
2601	3822
2603	2608
2603	2651
2603	3115
2604	2605
2604	2609
2604	2782
2604	2953
2604	2954
2604	2956
2605	2953
2605	2954
2606	2618
2606	2960
2607	2611
2607	2653
2607	2654
2607	2733
2607	3064
2607	3188
2608	2651
2608	2960
2610	2640
2611	2612
2611	2650
2611	3188
2611	3288
2612	2653
2612	2743
2614	2617
2614	2807
2614	2931
2614	2970
2615	2616
2615	3234
2616	3266
2617	2885
2617	2886
2617	2973
2618	2960
2621	4128
2621	4172
2621	4174
2621	4186
2621	4221
2621	4317
2622	2638
2622	2993
2623	2695
2623	2979
2625	2627
2627	3015
2627	3016
2627	3225
2627	3243
2628	2984
2628	2988
2628	2990
2629	2652
2629	2826
2629	2987
2631	2634
2633	2653
2633	2858
2633	3187
2638	2670
2638	2993
2640	2965
2640	2966
2641	3208
2644	3236
2644	3237
2645	2649
2645	3240
2646	2648
2646	3261
2647	3255
2647	3256
2647	3257
2647	3258
2647	3259
2648	3261
2649	3261
2649	3273
2650	3288
2651	2790
2651	2960
2651	3114
2652	2795
2652	2826
2652	2986
2652	3017
2654	2733
2654	3064
2655	2766
2655	2825
2655	2865
2655	3177
2655	3178
2657	2693
2657	2809
2657	2843
2657	2908
2657	2916
2657	2918
2659	2670
2659	3005
2659	3179
2662	2684
2662	2819
2662	2837
2662	2944
2662	2959
2662	2969
2662	3104
2662	3148
2665	2799
2669	3155
2670	3005
2670	3008
2670	3179
2670	3221
2670	3234
2671	2796
2671	3001
2671	3004
2671	3026
2671	3125
2671	3143
2672	2673
2674	2710
2674	2890
2675	2914
2676	2677
2676	2894
2677	2894
2678	2714
2678	2942
2679	2680
2684	2702
2684	2813
2684	2819
2686	3003
2687	2723
2687	2846
2687	3098
2690	2691
2692	3145
2693	2809
2693	2843
2693	2908
2693	3286
2694	2921
2695	2979
2696	2703
2696	2787
2697	2881
2697	3093
2702	2705
2702	2866
2703	2745
2703	3012
2704	2897
2705	2819
2705	2866
2705	2969
2706	2810
2706	2864
2706	3122
2706	3153
2706	3198
2710	3095
2710	3158
2710	3199
2710	3215
2711	2957
2714	2891
2715	3057
2716	3244
2716	3279
2717	2719
2717	3158
2717	3279
2717	4023
2719	4023
2722	2757
2722	2973
2723	3098
2723	3213
2724	2756
2724	2779
2724	2838
2724	2857
2725	2726
2726	3061
2727	2781
2727	2968
2728	3062
2730	2732
2733	2905
2733	2964
2733	3064
2733	3154
2734	2736
2734	2737
2734	2738
2736	2737
2736	2738
2736	2806
2736	3010
2737	2738
2737	3193
2740	2760
2740	2883
2740	2932
2740	3042
2741	2958
2745	2814
2745	3012
2752	3087
2755	3105
2756	2779
2756	2857
2757	2889
2760	2795
2760	2840
2760	2878
2760	2883
2760	3042
2760	3153
2760	3198
2762	2763
2765	2829
2765	2834
2765	2997
2766	3178
2774	2981
2774	3003
2779	2838
2780	2781
2780	3125
2781	2967
2781	2968
2782	2956
2783	2784
2783	2785
2783	3076
2784	2785
2784	3076
2785	3076
2787	3267
2790	3147
2791	2792
2793	3012
2794	2907
2796	2839
2796	3001
2796	3004
2796	3026
2796	3110
2796	3152
2796	3228
2796	3250
2797	2798
2797	2800
2797	2997
2797	3150
2797	3222
2798	2800
2798	3150
2798	3211
2798	3222
2799	2947
2799	3253
2800	2997
2800	3150
2800	3211
2800	3222
2801	2922
2801	3030
2801	3051
2801	3129
2801	3284
2806	3010
2807	2931
2807	3046
2807	3047
2808	2842
2808	2981
2808	3195
2809	2843
2809	2908
2810	2840
2810	2864
2810	3036
2810	3231
2811	2845
2811	2978
2814	2967
2814	3011
2814	3012
2819	2866
2819	3131
2819	3200
2820	2865
2825	2865
2825	3177
2825	3178
2826	2829
2826	2834
2826	2986
2826	3017
2828	4513
2828	4514
2829	2834
2829	4409
2832	2833
2834	4409
2836	3068
2837	2944
2837	3104
2838	2857
2839	3110
2839	3152
2839	3228
2839	3250
2841	2847
2841	2932
2841	3020
2842	2940
2842	2981
2842	3195
2843	2908
2845	2971
2846	2862
2846	2936
2846	3018
2846	3098
2846	3213
2847	3174
2849	2851
2849	2852
2849	2914
2849	3038
2849	3126
2849	3130
2849	3280
2850	2853
2851	2852
2851	2937
2851	3038
2851	3126
2851	3130
2851	3276
2851	3280
2852	2914
2852	3038
2852	3126
2852	3130
2852	3156
2852	3280
2855	2856
2858	3154
2858	3213
2860	2861
2864	3028
2864	3122
2865	2952
2865	3035
2865	3177
2865	3178
2866	2969
2866	3121
2869	3071
2869	3136
2869	3137
2870	3149
2871	2877
2871	2922
2871	2971
2872	2873
2874	2875
2874	2917
2874	3186
2874	3187
2878	2883
2878	2986
2878	3153
2878	3198
2879	3117
2879	3144
2879	3246
2880	2882
2880	3095
2880	3197
2880	3215
2880	3230
2881	3093
2881	3133
2881	3270
2883	2900
2883	2986
2883	3153
2883	3198
2884	3058
2884	3146
2884	3147
2885	2886
2885	2973
2886	2973
2886	3189
2891	2942
2896	2897
2900	2901
2905	2964
2905	3154
2908	2918
2908	3096
2911	3158
2914	3038
2914	3130
2914	3276
2914	3280
2917	3187
2918	2926
2918	2928
2918	3096
2918	3164
2920	3078
2922	3051
2922	3123
2924	2925
2924	2938
2928	3164
2931	3046
2931	3047
2932	3020
2936	2972
2936	3033
2936	3049
2936	3173
2937	2938
2937	3140
2938	2994
2938	3140
2939	3169
2939	4024
2940	2981
2940	3195
2941	3170
2944	3104
2944	3200
2945	3131
2947	3150
2947	3253
2949	2950
2952	3035
2953	2954
2955	2957
2959	3104
2959	3148
2959	3200
2964	3154
2967	2968
2967	3011
2971	2978
2977	3267
2978	3191
2981	3195
2983	3232
2986	3153
2987	3122
2988	2990
2993	3119
2996	3245
2997	3211
2998	3095
2998	3197
2999	3141
3001	3143
3001	3152
3004	3026
3004	3110
3004	3125
3005	3008
3005	3179
3005	3221
3005	3234
3005	3562
3008	3221
3009	3165
3009	3264
3010	3238
3013	3014
3014	3015
3014	3016
3014	3225
3015	3016
3020	3160
3020	3174
3022	3029
3024	3071
3024	3137
3024	3201
3026	3143
3027	3048
3028	3122
3030	3128
3030	3129
3030	3149
3030	3284
3032	3102
3033	3049
3033	3173
3033	3822
3036	3231
3038	3126
3038	3130
3038	3280
3039	3105
3041	3042
3042	3174
3043	3277
3044	3075
3046	3047
3046	3135
3047	3135
3053	3197
3058	3146
3058	3147
3059	3123
3059	3124
3059	3127
3059	3128
3059	3141
3062	3068
3065	3159
3065	3186
3065	3202
3069	3070
3070	3784
3071	3136
3071	3137
3071	3201
3072	3081
3074	3075
3074	3085
3075	3088
3082	3101
3083	3085
3093	3133
3093	3270
3095	3215
3097	3281
3104	3148
3104	3200
3109	3148
3110	3152
3110	3228
3110	3250
3117	3144
3117	3246
3117	3270
3121	3161
3123	3127
3123	3128
3124	3127
3124	3128
3124	3129
3124	3141
3126	3130
3126	3280
3127	3128
3127	3141
3128	3129
3128	3141
3128	3149
3129	3284
3130	3280
3133	3270
3134	3270
3136	3137
3144	3246
3146	3147
3149	3284
3150	3222
3150	3253
3152	3228
3152	3250
3153	3198
3154	3187
3156	3276
3158	3215
3159	3202
3165	3264
3177	3178
3183	3188
3186	3202
3197	3230
3199	3215
3210	3220
3210	3263
3211	3253
3214	3252
3220	3263
3228	3250
3234	3266
3236	3237
3244	3279
3251	3266
3255	3258
3256	3257
3258	3259
3275	3276
3285	3286
3293	3593
3294	3334
3294	3388
3295	3298
3295	3299
3295	3314
3295	3388
3295	3558
3296	3297
3296	3310
3296	3506
3296	3568
3297	3309
3297	3310
3298	3299
3298	3314
3298	3538
3298	3558
3299	3314
3299	3440
3299	3558
3301	3622
3301	3708
3304	3384
3304	3469
3304	3591
3305	3415
3305	3526
3307	3344
3307	3540
3307	3627
3307	3648
3308	3474
3308	3654
3308	3692
3309	3478
3309	3645
3310	3326
3310	3478
3311	3312
3311	3359
3311	3593
3311	3632
3311	3697
3311	4876
3312	3321
3312	3333
3312	3359
3312	3484
3312	3593
3312	3632
3312	3697
3312	4210
3314	3440
3314	3558
3315	3355
3315	3656
3316	3392
3316	3557
3316	3620
3316	3724
3317	3392
3317	3421
3317	3724
3318	4864
3319	3418
3319	3497
3319	3677
3320	3360
3321	3632
3322	3323
3322	3668
3322	4830
3323	3331
3323	3345
3323	3403
3323	3697
3323	4830
3324	3342
3325	3572
3326	3478
3327	3328
3327	3740
3329	3365
3329	3558
3330	3331
3330	3580
3330	3705
3331	3435
3331	4603
3332	3616
3332	3631
3332	3645
3332	3722
3333	3342
3333	3413
3333	3484
3333	3632
3333	3684
3335	3336
3337	3429
3337	3628
3337	3672
3337	4865
3341	3342
3341	3413
3341	4883
3342	3413
3342	3684
3342	4876
3342	4883
3343	3573
3343	3574
3343	3583
3343	3638
3343	3639
3343	3648
3344	3648
3345	3403
3347	3661
3349	3456
3349	3458
3349	3663
3350	3673
3350	3674
3350	3688
3351	3561
3351	3598
3351	3671
3351	3689
3352	3361
3352	3365
3352	3582
3352	3612
3352	4582
3353	3486
3353	3563
3354	3355
3354	3716
3355	3432
3355	3569
3355	3656
3355	3716
3356	3357
3356	3590
3356	3683
3356	3722
3356	3723
3357	3590
3357	3723
3358	3359
3358	3395
3358	3594
3359	3466
3359	3593
3359	3632
3359	3697
3360	3361
3361	4563
3361	4678
3362	4582
3364	4570
3365	3716
3367	3368
3367	3369
3368	3369
3371	3621
3372	4914
3374	3431
3375	3416
3375	3431
3381	4906
3384	3468
3384	3591
3386	3445
3386	3447
3386	3448
3386	3720
3392	3724
3395	3594
3395	3726
3397	3656
3399	3565
3400	3534
3404	3609
3404	3661
3404	3682
3407	3410
3407	3518
3407	3666
3408	3411
3410	3411
3410	3518
3410	3666
3412	3468
3413	3684
3415	3467
3415	3526
3415	3613
3416	3431
3419	3627
3422	3553
3424	3426
3428	3429
3428	3619
3429	3619
3430	3431
3435	4603
3439	3590
3439	3624
3440	3558
3445	3447
3445	3448
3445	3720
3447	3720
3452	3497
3454	4845
3455	3621
3456	3457
3456	3458
3456	3663
3458	3663
3461	3462
3462	3465
3463	3464
3467	3468
3467	3503
3467	3527
3467	3613
3468	3469
3468	3527
3468	3591
3469	3470
3469	3526
3471	3698
3474	3654
3474	3692
3477	3684
3480	4413
3481	3699
3482	3536
3482	3703
3484	3632
3486	3487
3486	3679
3487	3679
3491	3675
3492	3650
3492	3651
3492	3663
3493	3500
3494	3734
3495	3735
3497	3677
3498	3558
3498	3627
3503	3527
3510	3512
3511	3563
3514	3700
3518	3666
3525	3637
3533	3706
3536	3620
3536	3703
3540	3648
3541	3604
3542	3562
3548	3612
3554	3650
3554	3651
3556	3707
3556	3708
3563	3564
3568	3731
3569	3714
3572	3589
3572	3657
3573	3574
3574	3638
3576	3578
3576	3718
3577	3731
3578	3718
3583	3648
3586	3637
3589	3657
3590	3624
3590	3723
3591	3615
3593	3632
3593	3697
3594	3726
3598	3671
3598	3674
3602	3719
3603	3605
3603	3606
3603	3660
3605	3606
3605	3660
3607	4367
3609	3661
3609	3682
3621	3732
3630	3631
3631	3722
3632	3697
3633	3683
3633	3685
3633	3721
3633	3722
3645	3722
3649	4885
3649	4887
3650	3651
3651	3663
3661	3682
3671	3674
3673	3702
3674	3700
3679	3680
3679	3681
3680	3681
3683	3721
3683	3722
3685	3721
3688	3700
3689	3702
3694	3695
3707	3708
3718	3731
3720	3737
3721	3722
3725	3727
3751	3762
3751	3764
3751	3793
3752	3804
3752	3936
3753	3755
3755	3778
3756	3757
3756	3930
3756	3931
3757	3792
3757	3930
3757	3931
3758	3922
3761	3784
3761	3788
3762	3764
3762	3935
3763	3766
3763	3789
3763	3938
3763	4199
3766	3789
3767	3840
3768	3906
3768	3942
3771	3772
3771	3846
3771	3847
3771	3868
3772	3846
3772	3868
3773	3795
3773	3802
3773	3928
3774	3805
3774	3864
3775	3809
3775	3922
3778	3942
3778	3943
3779	3781
3779	3851
3782	3870
3783	3784
3783	3785
3783	3841
3784	3785
3785	3787
3785	3798
3785	3905
3786	3857
3788	3935
3792	3809
3792	3930
3793	3794
3793	3866
3793	3878
3793	3904
3795	3802
3796	3877
3796	3887
3796	3916
3796	3934
3797	3800
3797	3937
3798	3940
3798	3941
3801	3826
3801	3918
3802	3803
3802	3928
3802	3938
3803	3928
3803	3938
3805	3863
3805	3864
3807	3844
3809	3857
3809	3930
3809	3945
3811	3831
3813	3838
3814	3849
3815	3821
3815	3849
3817	3889
3823	3893
3823	3913
3824	3825
3824	3860
3824	3903
3824	3927
3825	3860
3825	3903
3825	3927
3826	3851
3826	3863
3827	3828
3827	3944
3829	3832
3829	3895
3830	3832
3831	3849
3834	3835
3834	3855
3836	3841
3836	3907
3838	3840
3838	3843
3838	3844
3838	3862
3838	3906
3840	3843
3840	3844
3841	3868
3843	3844
3846	3847
3850	3851
3854	3888
3855	3912
3857	3930
3858	3859
3858	3868
3859	3868
3860	3903
3860	3927
3863	3864
3865	3866
3865	3904
3866	3878
3866	3904
3867	3872
3869	3870
3871	3916
3872	3911
3873	3929
3875	3892
3877	3887
3878	3904
3881	3882
3882	3916
3882	3917
3883	3910
3884	3885
3884	3914
3885	3914
3887	3888
3888	3890
3895	3900
3895	3919
3895	3920
3897	3898
3897	3923
3898	3918
3898	3933
3900	3919
3902	3903
3903	3927
3908	3925
3916	3917
3918	3933
3919	3920
3928	3938
3930	3931
3938	4199
3940	3941
3942	3943
3948	3956
3950	3975
3951	3975
3954	3973
3954	3995
3954	4063
3954	4064
3954	4221
3955	3969
3955	4056
3956	3957
3956	3963
3957	3977
3957	3979
3959	4011
3959	4017
3962	4047
3966	3984
3966	3985
3966	4041
3968	3969
3970	3972
3971	4072
3973	3984
3973	3995
3974	3986
3974	4077
3974	4078
3977	3979
3979	4020
3981	3983
3981	4014
3981	4038
3985	3986
3985	3987
3986	3987
3986	4078
3991	4022
4000	4020
4000	4029
4002	4020
4002	4032
4002	4047
4003	4033
4003	4034
4007	4056
4009	4037
4009	4046
4011	4017
4011	4019
4011	4027
4014	4029
4014	4032
4014	4038
4014	4080
4017	4019
4017	4027
4019	4027
4024	4026
4029	4032
4029	4080
4030	4031
4030	4041
4030	4066
4032	4080
4033	4034
4036	4038
4036	4039
4038	4080
4040	4048
4040	4049
4041	4066
4044	4045
4044	4046
4045	4046
4048	4049
4052	4069
4052	4095
4054	4055
4060	4063
4069	4105
4072	4073
4073	4076
4077	4078
4081	4085
4084	4086
4084	4090
4084	4099
4086	4090
4086	4161
4086	4162
4087	4166
4087	4172
4089	4187
4089	4188
4090	4160
4090	4162
4090	4217
4092	4116
4092	4189
4092	4208
4093	4147
4093	4285
4094	4152
4094	4276
4097	4136
4097	4200
4098	4282
4098	4283
4099	4110
4100	4101
4100	4221
4102	4147
4102	4151
4102	4212
4103	4152
4103	4165
4103	4225
4106	4107
4110	4156
4111	4173
4111	4201
4111	4221
4112	4213
4114	4148
4114	4149
4114	4320
4115	4187
4115	4188
4115	4193
4115	4211
4115	4218
4116	4189
4117	4118
4117	4240
4118	4124
4118	4154
4118	4159
4119	4285
4121	4142
4121	4143
4121	4202
4121	4304
4122	4124
4123	4124
4128	4221
4128	4317
4131	4167
4131	4169
4131	4196
4133	4211
4134	4138
4136	4222
4137	4138
4137	4157
4137	4259
4138	4154
4138	4161
4138	4162
4139	4151
4142	4143
4143	4202
4143	4304
4147	4151
4147	4170
4147	4171
4147	4204
4147	4287
4148	4149
4148	4320
4149	4173
4149	4320
4151	4215
4152	4163
4152	4165
4154	4156
4154	4159
4154	4193
4155	4156
4156	4194
4157	4228
4157	4229
4157	4259
4158	4162
4158	4230
4158	4231
4160	4206
4160	4269
4161	4162
4162	4172
4162	4193
4164	4174
4164	4179
4164	4207
4164	4219
4165	4289
4167	4169
4167	4187
4167	4196
4169	4187
4169	4196
4170	4171
4170	4204
4170	4287
4171	4204
4171	4287
4172	4191
4172	4192
4172	4218
4174	4207
4174	4317
4178	4179
4180	4182
4180	4290
4181	4210
4181	4296
4181	4298
4181	4315
4182	4226
4186	4317
4187	4188
4187	4196
4187	4211
4187	4218
4188	4196
4188	4218
4189	4214
4191	4193
4192	4193
4195	4254
4195	4266
4196	4218
4199	4206
4199	4227
4202	4304
4203	4235
4203	4236
4203	4256
4204	4287
4206	4213
4206	4269
4209	4310
4210	4313
4210	4315
4211	4218
4211	4538
4212	4305
4218	4219
4218	4301
4221	4222
4221	4317
4224	4270
4224	4272
4224	4274
4224	4275
4229	4233
4237	4243
4249	4258
4255	4264
4263	4264
4272	4275
4276	4279
4277	4279
4279	4291
4279	4293
4284	4321
4284	4322
4291	4292
4291	4293
4291	4294
4292	4294
4299	4318
4301	4302
4305	4307
4313	4315
4327	4410
4328	4346
4329	4377
4329	4417
4330	4344
4330	4376
4330	4384
4330	4392
4330	4401
4330	4408
4330	4413
4332	4335
4332	4347
4332	4349
4332	4373
4332	4381
4332	4391
4332	4395
4332	4398
4332	4402
4333	4340
4333	4355
4333	4383
4335	4336
4335	4340
4335	4347
4335	4349
4335	4373
4335	4381
4335	4401
4335	4402
4335	4408
4335	4413
4336	4340
4336	4342
4336	4345
4336	4346
4336	4347
4336	4373
4336	4395
4340	4373
4340	4395
4340	4398
4341	4352
4341	4374
4341	4376
4341	4384
4342	4347
4342	4365
4342	4402
4342	4409
4342	4414
4342	4419
4343	4345
4343	4365
4343	4396
4343	4412
4344	4352
4344	4374
4344	4384
4344	4401
4344	4408
4344	4413
4345	4361
4345	4365
4345	4368
4345	4372
4345	4373
4345	4381
4346	4417
4347	4398
4347	4402
4347	4419
4349	4395
4349	4398
4349	4402
4349	4419
4351	4371
4352	4369
4352	4374
4352	4376
4352	4381
4352	4401
4352	4408
4352	4413
4355	4391
4355	4403
4356	4357
4357	4417
4358	4359
4358	4364
4359	4364
4359	4372
4359	4380
4359	4388
4359	4397
4361	4372
4361	4373
4361	4398
4361	4419
4363	4369
4364	4371
4365	4368
4365	4372
4365	4373
4365	4396
4365	4404
4367	4374
4367	4376
4367	4384
4367	4392
4367	4404
4367	4410
4368	4372
4368	4375
4368	4411
4369	4374
4371	4372
4371	4380
4371	4416
4372	4373
4372	4391
4372	4396
4372	4412
4372	4413
4373	4391
4373	4396
4373	4398
4373	4411
4373	4413
4373	4838
4374	4376
4374	4384
4374	4392
4374	4401
4374	4408
4375	4381
4376	4384
4376	4392
4376	4401
4376	4404
4376	4408
4376	4413
4379	4380
4379	4416
4380	4388
4380	4397
4380	4416
4381	4408
4381	4412
4383	4391
4383	4396
4383	4403
4384	4385
4384	4386
4384	4392
4384	4401
4384	4404
4384	4408
4384	4413
4388	4397
4391	4395
4391	4396
4392	4401
4392	4404
4392	4410
4392	4413
4395	4412
4395	4419
4396	4413
4398	4402
4398	4419
4401	4408
4401	4413
4402	4419
4404	4410
4408	4413
4409	4414
4415	4652
4420	4421
4421	4436
4422	4432
4422	4435
4432	4435
4434	4435
4437	4439
4439	4441
4441	4442
4442	4443
4444	4449
4444	4458
4444	4462
4444	4465
4447	4448
4448	4455
4448	4458
4448	4465
4449	4450
4450	4462
4451	4454
4452	4454
4455	4458
4455	4465
4458	4465
4464	4466
4469	4602
4469	4626
4471	4657
4472	4671
4473	4474
4473	4508
4473	4646
4473	4652
4473	4867
4474	4573
4474	4652
4474	4867
4476	4662
4476	4678
4477	4574
4477	4662
4477	4678
4477	4832
4478	4479
4481	4655
4482	4590
4482	4772
4483	4876
4484	4660
4484	4688
4485	4530
4485	4601
4488	4562
4491	4492
4491	4580
4491	4584
4493	4510
4495	4553
4495	4659
4496	4687
4497	4547
4498	4499
4498	4500
4498	4764
4499	4764
4500	4764
4502	4503
4502	4561
4503	4561
4505	4506
4506	4546
4508	4542
4509	4633
4511	4643
4512	4607
4512	4696
4513	4514
4513	4582
4513	4598
4514	4582
4514	4598
4518	4778
4520	4521
4520	4592
4520	4620
4520	4776
4520	4800
4521	4522
4521	4592
4521	4620
4521	4800
4522	4554
4522	4620
4522	4800
4523	4654
4524	4659
4525	4609
4525	4685
4525	4686
4530	4687
4532	4596
4532	4826
4534	4535
4534	4541
4534	4618
4534	4722
4535	4618
4537	4567
4538	4805
4539	4763
4539	4808
4540	4588
4540	4789
4541	4618
4541	4651
4541	4722
4541	4826
4542	4675
4542	4799
4543	4580
4543	4662
4544	4579
4546	4700
4547	4606
4549	4576
4552	4719
4554	4768
4555	4579
4556	4648
4556	4670
4556	4689
4562	4679
4563	4677
4563	4678
4563	4684
4564	4565
4564	4602
4564	4814
4565	4602
4567	4667
4569	4637
4570	4571
4570	4761
4571	4662
4573	4652
4574	4594
4574	4656
4575	4820
4580	4584
4581	4582
4581	4659
4585	4589
4586	4589
4588	4789
4590	4657
4590	4772
4592	4620
4592	4776
4592	4800
4593	4611
4594	4656
4599	4819
4599	4820
4602	4611
4606	4703
4606	4793
4607	4608
4608	4655
4609	4685
4609	4686
4612	4679
4615	4643
4618	4722
4619	4625
4619	4637
4620	4776
4620	4800
4621	4633
4625	4637
4627	4649
4628	4662
4634	4683
4635	4776
4635	4802
4639	4690
4639	4781
4640	4641
4640	4813
4641	4813
4646	4675
4647	4674
4649	4753
4651	4826
4652	4867
4653	4654
4660	4688
4663	4664
4670	4689
4672	4676
4677	4684
4682	4683
4685	4686
4685	4771
4689	4691
4690	4781
4691	4781
4693	4695
4693	4927
4694	4695
4695	4927
4697	4698
4697	4699
4698	4699
4703	4793
4706	4719
4708	4729
4708	4733
4708	4752
4708	4757
4717	4728
4717	4748
4721	4755
4722	4723
4725	4727
4725	4754
4726	4756
4727	4754
4730	4751
4733	4740
4733	4745
4733	4757
4737	4739
4737	4742
4737	4750
4739	4742
4739	4750
4740	4745
4740	4757
4745	4757
4749	4784
4753	4754
4755	4758
4763	4808
4767	4769
4776	4802
4788	4792
4788	4793
4792	4793
4798	4822
4819	4820
4828	4836
4828	4866
4828	4897
4832	4837
4834	4847
4834	4878
4834	4916
4835	4836
4836	4837
4836	4874
4836	4884
4836	4897
4840	4841
4840	4842
4840	4843
4840	4867
4841	4887
4842	4843
4846	4848
4846	4900
4847	4878
4847	4916
4848	4883
4848	4900
4850	4909
4852	4860
4853	4854
4857	4859
4861	4868
4865	4912
4865	4923
4866	4867
4872	4873
4872	4905
4872	4917
4873	4917
4874	4884
4878	4916
4880	4900
4885	4886
4886	4887
4888	4900
4892	4893
4898	4926
4901	4921
4912	4923
