0	1474
0	1579
0	1581
0	1582
0	1583
0	2241
1	2
1	1123
1	1125
1	1185
1	1864
1	2060
1	2136
1	2170
1	2534
2	1038
2	1060
2	1804
2	2060
2	2430
3	250
3	251
3	499
4	264
4	266
4	267
4	327
4	372
4	415
4	430
4	433
4	441
4	443
4	444
4	461
4	466
4	1662
4	1806
4	1933
5	89
5	714
5	907
5	1042
5	1044
5	1059
5	1060
5	1134
5	1139
5	1152
5	1159
5	1164
5	1165
5	1168
5	1184
5	1190
5	1195
5	1514
5	2100
5	2279
5	2280
5	2573
5	2704
5	2706
6	438
6	442
7	1159
7	1181
8	1254
8	1345
9	353
9	1057
9	1059
9	1061
9	1068
9	1101
9	1140
9	1544
9	2453
10	1306
11	1261
11	1278
11	1283
11	1293
11	1294
11	1343
11	1353
12	515
13	14
13	1764
14	555
14	557
14	1764
14	1777
14	2734
14	2735
14	2736
14	2738
14	2739
14	2742
14	2751
15	557
15	565
15	569
15	580
15	589
15	1112
15	1446
15	1775
16	557
16	984
16	1467
17	93
17	1261
17	1273
17	1283
17	1331
17	1379
17	1634
17	2110
17	2615
18	660
19	609
19	624
20	912
20	1031
20	1037
20	1452
20	1475
20	1604
20	2393
21	381
21	469
21	1093
21	1204
22	1204
23	1254
23	1314
23	1322
23	1365
23	1486
23	1853
24	353
24	972
24	1075
24	1104
24	1199
24	1276
24	1289
24	1292
24	1321
24	1339
24	1346
24	1366
24	1371
24	1409
24	1745
24	2070
24	2216
25	135
25	165
26	149
26	1485
26	2357
27	89
27	2347
28	90
28	910
29	730
30	111
30	139
31	37
31	49
31	50
31	57
31	121
31	123
31	132
31	168
31	188
31	189
31	1787
32	67
32	539
32	570
33	34
33	36
33	45
33	47
33	49
33	50
33	54
33	57
33	59
33	60
33	66
33	70
33	82
33	84
33	86
33	91
33	93
33	94
33	102
33	103
33	107
33	109
33	121
33	123
33	132
33	171
33	184
33	189
33	190
33	195
33	762
33	1021
33	1426
33	1437
33	1439
33	1506
33	1718
33	1719
33	1759
33	1787
33	1891
33	2259
33	2322
33	2325
33	2347
33	2363
33	2483
34	41
34	137
34	200
34	1787
34	1892
35	90
35	147
35	189
35	459
35	1021
35	1426
35	1506
35	1890
36	47
36	84
36	123
36	127
36	189
36	1021
36	1439
36	1478
36	1787
36	2359
36	2483
37	47
37	57
37	60
37	123
37	132
37	162
37	1787
38	2274
39	83
39	131
40	1468
41	69
42	82
42	141
42	157
42	1439
43	246
43	287
43	290
43	330
44	178
45	47
45	49
45	50
45	54
45	57
45	58
45	60
45	82
45	84
45	86
45	94
45	103
45	122
45	123
45	132
45	162
45	182
45	188
45	189
45	762
45	1153
45	1417
45	1487
45	1787
45	1891
45	2600
46	89
46	2504
47	49
47	50
47	54
47	56
47	57
47	60
47	82
47	84
47	86
47	91
47	93
47	94
47	103
47	107
47	119
47	123
47	162
47	169
47	174
47	184
47	188
47	189
47	402
47	1021
47	1416
47	1439
47	1507
47	1719
47	1759
47	1787
47	1891
47	2483
48	55
48	72
48	87
48	104
48	108
48	1509
49	50
49	57
49	60
49	64
49	82
49	84
49	122
49	123
49	132
49	162
49	169
49	188
49	189
49	201
49	1153
49	1487
49	1787
49	2327
49	2328
49	2483
50	59
50	60
50	82
50	84
50	86
50	93
50	94
50	103
50	122
50	123
50	132
50	158
50	169
50	188
50	189
50	191
50	195
50	606
50	1718
50	1787
50	1851
50	1891
50	2327
50	2483
51	90
51	147
51	910
51	1490
52	61
52	778
52	844
53	86
53	103
53	107
53	140
53	189
53	1787
53	2483
54	57
54	74
54	82
54	84
54	86
54	103
54	123
54	189
54	194
54	762
54	1153
54	1787
54	1891
54	2483
55	72
55	87
55	105
55	108
55	2445
56	189
56	1006
56	1787
56	2483
57	60
57	82
57	84
57	86
57	93
57	103
57	121
57	122
57	123
57	132
57	162
57	169
57	188
57	189
57	1787
57	1890
57	2327
57	2328
57	2347
58	84
58	122
58	132
58	158
58	162
58	169
58	189
58	1153
58	1787
59	84
59	89
59	150
59	184
59	189
59	195
59	1787
59	2347
59	2614
60	84
60	86
60	103
60	121
60	122
60	123
60	132
60	188
60	189
60	1787
61	118
61	146
61	778
62	173
62	344
62	1441
63	68
63	87
63	133
63	1552
63	1787
63	1890
64	92
64	123
64	141
65	84
65	117
65	145
65	189
65	1787
65	2483
66	84
66	86
66	93
66	96
66	189
66	190
66	1426
66	1787
67	1542
68	1425
68	1427
68	1890
69	1563
70	84
70	86
70	189
70	1787
70	2483
70	2616
71	2218
71	2338
72	87
72	104
73	160
73	215
73	234
73	290
73	371
73	407
73	409
73	762
73	833
73	1424
73	1597
73	1602
75	177
75	1563
76	2180
77	95
77	1398
77	2360
78	202
78	1508
79	155
79	1563
80	92
81	190
81	2325
81	2363
82	84
82	86
82	93
82	94
82	103
82	123
82	188
82	189
82	1759
82	1787
82	1891
82	2347
82	2483
83	193
83	1265
83	1268
83	1298
83	1583
83	1671
84	86
84	91
84	93
84	94
84	103
84	107
84	119
84	121
84	123
84	132
84	140
84	184
84	188
84	189
84	195
84	1021
84	1416
84	1437
84	1439
84	1506
84	1717
84	1718
84	1719
84	1787
84	1901
84	2347
84	2354
84	2363
84	2483
85	110
85	1549
86	91
86	93
86	94
86	103
86	107
86	109
86	120
86	123
86	132
86	171
86	184
86	188
86	189
86	190
86	771
86	1021
86	1153
86	1421
86	1426
86	1437
86	1439
86	1483
86	1718
86	1719
86	1759
86	1787
86	2322
86	2347
86	2483
87	105
87	108
87	109
87	136
87	1442
88	93
88	114
88	1470
88	2432
89	393
89	525
89	530
89	557
89	565
89	580
89	589
89	611
89	907
89	998
89	1159
89	1165
89	1168
89	1195
89	1402
89	1422
89	1426
89	1816
89	1969
89	2100
89	2116
89	2122
89	2267
89	2274
89	2349
89	2401
89	2547
89	2571
89	2573
89	2618
90	147
90	459
90	910
90	917
90	1021
91	2259
91	2483
91	2558
93	101
93	102
93	119
93	123
93	148
93	188
93	189
93	264
93	1403
93	1456
93	1506
93	1563
93	1787
93	1803
93	1933
93	2259
93	2347
93	2483
94	132
94	189
94	1787
95	150
95	185
95	1721
96	191
96	704
96	1155
96	1157
96	1421
96	1426
96	1473
96	1787
96	2080
96	2311
96	2378
97	172
97	1468
98	711
98	868
98	878
98	1890
98	2015
98	2158
99	1439
100	143
100	149
100	181
100	1020
101	344
101	392
101	1436
101	1871
102	123
102	184
102	189
102	319
102	344
102	392
102	801
102	1428
102	1441
102	1710
102	1749
102	1787
103	121
103	123
103	132
103	159
103	162
103	171
103	189
103	296
103	1021
103	1153
103	1718
103	1759
103	1787
103	1891
103	2347
103	2483
104	175
104	215
104	1562
106	694
106	1787
106	2153
107	184
107	189
107	1787
107	2347
108	109
108	612
109	612
109	1092
109	1509
109	2445
110	173
110	1418
110	2160
111	143
111	151
111	2269
112	1381
112	1398
112	1478
113	114
113	184
113	1470
115	1787
115	2115
116	1397
116	1442
117	167
117	1787
118	146
119	147
119	189
119	771
119	1787
119	2483
120	153
120	178
121	123
121	168
121	189
122	123
122	132
122	162
122	169
122	189
122	2483
123	132
123	135
123	162
123	168
123	169
123	171
123	188
123	189
123	201
123	771
123	1153
123	1439
123	1787
123	2324
123	2327
123	2347
123	2483
124	145
124	189
124	1397
124	1442
124	1787
125	469
125	470
125	1435
125	1512
125	2291
125	2412
126	234
126	1424
126	1527
126	2448
128	1122
128	2344
128	2568
129	910
129	998
129	1021
129	1882
129	1890
130	133
130	898
131	136
132	169
132	184
132	188
132	189
132	1153
132	1787
132	2483
134	541
134	1787
135	1933
135	2259
135	2377
140	189
140	762
140	1787
141	1563
142	190
143	661
144	648
144	713
145	183
147	459
147	910
147	1882
148	202
152	1349
152	1968
152	2049
154	155
155	1510
156	200
156	509
156	1687
157	1265
160	172
160	1513
160	2301
161	1183
161	1720
162	188
162	189
162	201
162	1787
162	2327
163	459
164	899
166	202
168	2047
168	2361
169	188
169	189
169	541
169	1787
170	189
170	1719
170	1787
171	189
171	1787
172	1468
173	1418
173	1441
174	189
174	1787
176	1021
176	1431
176	1450
180	571
180	614
180	2304
180	2305
183	2347
184	189
184	1456
184	1787
184	2347
184	2483
186	434
186	446
186	462
186	473
186	1196
187	661
188	189
188	258
188	1487
188	1787
188	1890
188	2448
188	2483
189	190
189	191
189	195
189	393
189	730
189	771
189	1021
189	1153
189	1416
189	1426
189	1439
189	1485
189	1507
189	1678
189	1719
189	1787
189	1890
189	1891
189	2061
189	2166
189	2327
189	2347
189	2354
189	2363
189	2483
189	2690
190	1787
191	1787
191	2714
192	661
193	1268
193	2216
194	690
194	971
194	999
195	1787
195	2363
196	730
197	730
197	2195
198	438
198	924
198	2470
198	2808
199	1431
199	2802
201	2327
203	347
204	250
204	347
204	396
204	2409
205	208
205	211
205	212
205	225
205	242
205	284
205	286
205	310
205	312
205	333
205	410
205	502
205	1933
205	2381
205	2795
205	2799
206	347
206	2369
207	347
207	2409
208	225
208	242
208	284
208	333
208	376
209	366
210	2259
211	347
213	347
214	359
214	366
214	1875
214	2591
214	2597
214	2598
215	657
215	870
215	1602
216	226
216	315
216	1196
217	222
217	371
218	387
219	2347
220	240
220	1435
221	223
221	410
221	2383
222	381
222	484
222	652
222	716
222	737
222	1495
222	1497
222	1511
222	2411
223	410
224	295
225	236
225	241
225	242
225	262
225	265
225	281
225	2219
227	247
229	236
230	347
230	637
231	336
231	529
231	1522
232	331
232	1933
233	347
233	390
234	246
234	265
234	277
234	281
234	287
234	352
234	657
234	1423
234	1424
234	1441
234	1901
234	2219
234	2525
234	2621
235	241
235	1423
236	241
236	257
236	324
236	351
236	504
236	795
236	2083
236	2144
236	2221
236	2383
236	2537
237	2340
237	2438
238	239
238	298
239	833
239	906
239	1597
239	1602
240	323
240	1423
240	1623
240	2369
240	2380
241	262
241	389
241	499
241	2164
241	2220
241	2224
241	2233
241	2259
242	284
242	333
242	410
242	499
242	1933
242	2314
243	259
244	333
244	336
245	773
245	778
245	884
245	2125
246	265
246	281
246	285
246	287
246	486
246	560
246	2219
247	284
247	325
247	366
247	378
248	350
248	2410
249	264
249	266
249	267
249	308
249	318
249	347
249	372
249	433
249	441
249	443
249	446
249	462
249	466
249	472
249	473
249	1703
249	1705
249	1933
249	2106
249	2209
249	2259
249	2317
250	251
250	284
252	315
252	740
252	931
252	2393
253	311
254	279
254	340
255	264
255	268
255	304
255	305
255	327
255	387
255	477
256	312
256	336
256	504
256	1601
256	1934
256	2793
256	2795
256	2796
256	2797
256	2799
256	2800
258	882
258	1933
259	362
260	264
260	488
260	1702
261	332
261	366
261	381
261	404
261	2342
263	381
263	418
263	440
263	443
263	658
263	976
264	266
264	267
264	268
264	308
264	309
264	318
264	358
264	372
264	399
264	413
264	418
264	419
264	422
264	433
264	434
264	435
264	438
264	441
264	442
264	443
264	444
264	446
264	447
264	448
264	454
264	461
264	462
264	464
264	466
264	467
264	472
264	473
264	474
264	489
264	495
264	503
264	637
264	1700
264	1702
264	1703
264	1901
264	1902
264	1933
264	2234
264	2235
264	2259
264	2458
264	2673
264	2718
265	277
265	281
265	337
265	1424
266	267
266	309
266	338
266	443
266	444
266	466
266	1701
267	309
267	318
267	379
267	380
267	427
267	433
267	441
267	443
267	447
267	448
267	462
267	466
267	472
267	473
267	637
267	1626
267	1702
267	1703
267	1705
267	1902
267	1933
267	2259
268	327
268	372
268	433
268	441
268	443
268	444
268	466
268	473
268	479
268	494
268	1704
268	1902
268	1933
268	2259
270	313
270	349
270	398
270	2021
270	2440
271	272
271	314
271	372
272	314
272	366
272	372
273	1489
273	2476
274	1902
274	2467
277	281
277	1441
278	309
278	425
278	461
278	464
280	385
281	337
281	352
281	1424
281	1436
282	353
282	2419
282	2420
283	2259
284	499
284	501
284	2797
285	1440
286	499
286	502
287	344
287	1440
288	366
289	1933
289	2259
290	739
290	789
290	1435
290	1597
290	1602
291	1933
291	2259
292	1423
292	2470
293	1512
293	2286
293	2290
294	407
294	409
295	334
295	782
295	2677
298	484
298	870
299	335
300	336
300	388
300	2062
302	2083
303	355
303	2083
306	2044
307	2259
308	433
308	434
308	438
308	442
308	462
308	466
308	1702
308	1902
308	1933
308	2259
309	444
309	2297
311	2381
311	2800
312	2795
313	317
313	349
313	2021
314	366
314	1489
314	1571
315	740
315	1475
315	2107
315	2391
315	2393
315	2603
317	349
317	2021
318	326
318	399
318	433
318	441
318	443
318	462
318	464
318	466
318	473
318	1902
319	1512
320	2259
322	377
322	401
323	1423
323	2470
323	2526
325	403
325	2504
326	359
326	360
326	370
326	386
326	395
326	399
326	400
326	408
326	425
326	466
326	2259
326	2317
326	2458
327	418
327	433
327	443
327	1902
328	382
331	2369
332	381
334	353
334	394
334	437
335	336
336	388
336	389
336	1934
336	2062
336	2798
337	2219
337	2511
338	444
339	2130
342	1933
342	2259
344	392
344	497
344	1428
344	1441
344	1545
345	1410
347	446
347	462
347	2082
347	2259
347	2314
347	2383
348	389
348	423
349	398
349	2021
349	2440
350	2410
352	1440
353	383
353	1057
353	1065
353	1068
353	1111
353	1226
353	1289
353	1366
353	2546
353	2783
354	2374
355	2083
358	447
358	1702
359	2317
361	2493
362	2180
362	2259
363	2494
365	1275
365	2399
366	499
366	501
367	1549
367	2157
368	1414
368	1435
368	1436
368	1512
368	2295
369	2160
369	2504
370	378
370	386
370	1662
371	789
371	1423
371	2382
372	418
372	419
372	441
372	976
372	1933
373	1510
373	1627
374	983
374	1436
375	1649
375	1650
375	2221
375	2516
377	1420
377	1518
377	2222
377	2223
378	441
378	1662
378	2458
379	380
379	381
379	427
379	438
379	439
379	447
379	484
379	485
379	503
379	637
379	1702
379	2054
379	2673
380	381
380	427
380	439
380	447
380	503
380	637
380	1702
381	499
381	637
381	737
381	2259
384	1021
385	2259
392	1428
392	1441
393	1787
393	2259
394	466
394	1803
397	989
397	1436
398	2021
399	413
399	433
399	441
399	461
399	466
399	1902
400	441
400	452
400	466
401	501
401	2470
402	1439
402	1933
402	2259
410	1933
410	2144
411	450
411	479
411	494
412	1933
413	429
413	433
413	441
413	452
413	453
413	455
413	466
413	495
413	496
413	1502
413	1902
413	1933
413	2458
414	438
414	482
414	490
414	503
414	1902
415	466
415	897
416	464
417	492
417	503
418	440
418	441
418	446
418	462
418	466
418	493
418	976
418	1902
419	465
420	432
420	464
420	489
420	1627
420	2149
420	2154
420	2719
421	422
422	447
422	453
423	451
423	464
423	480
423	1902
424	1109
424	1702
425	426
425	466
426	439
426	473
426	2182
426	2183
427	447
427	503
427	637
427	1702
427	2054
427	2673
428	1517
429	433
429	441
429	454
429	466
429	1902
429	2458
431	447
431	1902
433	434
433	441
433	443
433	445
433	446
433	454
433	461
433	462
433	466
433	473
433	495
433	1704
433	1902
433	1933
433	2183
433	2259
433	2458
434	445
434	466
434	475
434	1933
435	436
435	451
435	480
436	451
436	1902
437	445
437	447
437	493
437	1512
437	1702
437	2466
438	1702
439	464
440	693
440	824
440	976
441	443
441	446
441	452
441	453
441	454
441	455
441	462
441	466
441	473
441	481
441	495
441	1502
441	1705
441	1902
441	1933
441	2259
441	2458
442	1662
442	1702
442	1933
443	444
443	446
443	448
443	462
443	466
443	473
443	1701
443	1702
443	1703
443	1704
443	1705
443	1902
443	1933
443	2259
444	462
445	466
445	479
445	494
446	461
446	462
446	466
446	493
446	2183
446	2259
447	1702
448	479
448	494
448	1626
448	1702
449	477
449	478
449	1787
449	2259
450	466
450	467
451	480
451	1902
452	1902
452	2458
453	495
454	466
454	1902
456	1420
456	1518
456	2470
457	1702
458	464
459	910
459	925
459	1021
459	1645
459	1724
459	1885
459	2180
460	2470
461	462
461	466
461	2183
462	466
462	473
462	493
462	1702
462	1705
462	1902
462	1933
462	2183
462	2259
463	464
464	1933
464	2154
465	466
466	472
466	473
466	495
466	1702
466	1703
466	1705
466	1902
466	1933
466	2182
466	2259
466	2458
469	2286
469	2412
469	2717
470	2286
470	2292
470	2412
471	637
471	639
472	1933
472	2160
472	2437
473	1705
474	2259
476	1229
476	1716
477	478
477	1702
477	2470
478	2470
480	1902
481	1902
482	1902
482	2466
483	496
486	487
486	1435
488	1702
489	1548
492	503
492	1571
493	2183
493	2297
495	1902
495	2259
498	1520
499	785
499	1327
499	1933
499	2438
500	1611
500	1712
500	2115
501	504
501	2796
501	2798
503	637
503	1571
503	1702
503	1933
504	2796
504	2798
505	638
505	913
505	1401
505	1633
505	2802
506	749
506	851
506	1028
506	1422
506	2132
507	547
507	558
507	562
507	589
507	894
507	1296
507	2111
507	2550
507	2570
508	698
508	1422
508	1904
508	2065
508	2735
509	545
509	711
509	868
509	878
509	935
509	966
509	1051
509	1422
509	1687
509	1944
509	1967
509	2003
510	642
510	1376
510	1378
510	1381
510	1399
510	1867
511	1962
512	515
512	696
512	910
512	1005
512	1692
512	1693
512	1697
512	1724
512	1725
512	1883
512	1887
512	2580
513	1894
513	1903
513	1962
514	1079
514	1181
514	2666
514	2706
515	528
515	1015
516	517
516	2704
518	2065
519	628
519	726
519	745
519	796
519	797
519	852
519	1014
519	1555
519	1586
519	1695
519	1979
519	2009
519	2240
519	2254
519	2257
519	2282
519	2602
519	2778
520	1015
521	2803
522	1013
522	2772
523	1422
524	530
524	542
524	2513
525	530
525	542
525	548
525	556
525	558
525	562
525	589
525	611
525	1261
525	1496
525	1734
525	2114
525	2116
525	2122
525	2349
525	2550
525	2722
526	531
526	550
526	579
526	1576
527	528
527	535
527	537
528	535
529	560
530	542
530	548
530	558
530	589
530	2105
530	2349
531	557
531	574
531	579
531	1576
532	574
532	624
533	558
533	670
533	1805
534	1540
534	1802
534	1805
535	543
535	605
535	660
535	894
535	1296
535	1461
535	2388
535	2389
535	2802
536	1522
537	543
537	605
537	611
537	660
538	2324
539	563
539	570
539	578
539	1439
539	2347
540	544
540	577
540	614
540	624
540	1729
540	1843
541	569
541	1808
541	2306
542	545
542	555
542	580
542	611
542	1763
542	2025
542	2026
543	605
543	611
543	660
543	2389
543	2794
544	613
544	616
544	2301
545	565
546	1808
547	556
547	557
548	558
548	2547
549	616
549	1576
549	1859
550	551
550	563
550	569
550	570
550	577
550	1576
550	1728
550	2463
551	571
551	614
551	1969
551	2672
553	2618
554	565
554	571
554	614
554	722
554	984
554	1422
554	1430
554	1446
554	1467
554	1757
554	1808
554	1969
554	1970
554	1973
554	1977
555	557
555	562
555	565
555	569
555	580
555	589
555	617
555	984
555	1446
555	1456
555	1467
555	1521
555	1763
555	1775
555	1969
555	1973
555	2025
555	2026
555	2313
555	2626
555	2734
555	2735
555	2736
555	2739
555	2742
555	2751
556	562
556	1296
556	1450
556	1456
556	1734
556	2111
556	2117
556	2547
556	2570
556	2618
556	2722
557	559
557	565
557	580
557	589
557	1112
557	1446
557	1467
557	1969
557	1973
557	2196
557	2198
557	2313
557	2672
557	2734
557	2735
557	2736
557	2742
557	2765
557	2788
558	1734
558	1801
558	2036
558	2122
559	1063
559	1161
559	1162
560	605
560	1254
561	589
561	2722
562	565
562	1456
562	2111
562	2570
562	2618
562	2722
563	570
563	577
563	578
564	569
564	617
564	2313
565	569
565	575
565	580
565	588
565	589
565	860
565	1446
565	1467
565	1763
565	1775
565	1808
565	1969
565	1973
565	1976
565	2313
565	2672
565	2735
565	2736
565	2739
565	2742
565	2751
566	2224
566	2227
566	2486
566	2487
567	580
567	585
568	591
568	593
568	594
568	595
568	597
568	598
568	599
568	600
568	602
568	603
568	1101
568	1140
568	1499
568	1501
568	2307
568	2309
568	2375
568	2461
569	575
569	577
569	580
569	589
569	2305
570	578
571	584
571	614
571	984
571	1467
571	2301
571	2305
572	584
572	1467
572	1969
572	2305
573	1728
573	1973
573	1977
574	615
574	624
574	1976
575	1446
575	1648
575	2305
575	2306
576	580
576	587
576	1402
577	614
579	1576
580	609
580	614
580	615
580	620
580	624
580	984
580	1446
580	1467
580	1488
580	1522
580	1763
580	1775
580	1777
580	1778
580	1780
580	1843
580	1969
580	2672
580	2735
580	2736
581	2570
582	2104
582	2112
583	619
584	614
584	2301
584	2305
585	1763
586	1490
587	2672
589	1456
589	2111
589	2547
589	2550
589	2570
589	2722
590	596
590	601
590	602
590	1498
590	2669
591	594
591	602
591	1499
592	1467
593	594
593	595
593	597
593	598
593	599
593	600
593	602
593	603
593	1499
593	1505
593	2307
593	2309
593	2461
593	2462
594	595
594	597
594	598
594	599
594	600
594	601
594	602
594	603
594	623
594	1499
594	1505
594	1771
594	2307
594	2309
594	2375
594	2461
594	2462
594	2488
595	597
595	598
595	599
595	600
595	602
595	603
595	1499
595	2375
595	2461
595	2462
597	598
597	599
597	600
597	602
597	603
597	1499
597	1505
597	2307
597	2309
597	2375
597	2461
597	2462
598	599
598	600
598	602
598	603
598	1101
598	1140
598	1499
598	2307
598	2309
598	2375
598	2461
599	600
599	601
599	602
599	603
599	623
599	1499
599	1505
599	1765
599	2307
599	2309
599	2461
599	2488
600	602
600	603
600	1482
600	1499
600	1763
600	1772
600	1773
600	1774
600	1778
600	1780
600	1784
601	602
601	1499
601	2307
602	603
602	623
602	1499
602	1505
602	1765
602	1771
602	2307
602	2309
602	2375
602	2461
602	2488
602	2585
603	1499
603	1505
603	2307
603	2309
603	2461
603	2462
605	660
605	677
605	894
605	972
605	1296
605	1364
605	1374
605	1409
605	2298
605	2386
605	2388
605	2389
607	1503
607	2322
608	1757
608	2742
608	2765
609	1522
610	2322
610	2325
610	2326
611	1261
611	1309
611	1792
611	2036
611	2102
611	2111
611	2114
611	2116
611	2122
611	2349
611	2374
611	2547
611	2550
611	2570
611	2618
613	616
614	984
614	1463
614	1467
614	1969
614	1973
614	2005
614	2301
614	2305
614	2311
615	1728
615	1973
616	2301
617	1111
617	2029
617	2030
618	2463
619	1505
619	1775
619	2334
621	1522
623	2307
624	1728
624	1843
625	1843
626	1488
626	1763
626	1766
626	1769
626	1772
626	1773
626	1774
626	1783
627	968
627	1641
627	1642
627	1908
627	2108
627	2140
627	2143
628	726
628	745
628	796
628	797
628	852
628	939
628	1000
628	1014
628	1462
628	1555
628	1586
628	1688
628	1695
628	1696
628	1979
628	2009
628	2237
628	2238
628	2240
628	2254
628	2256
628	2257
628	2282
628	2439
628	2508
628	2509
628	2602
628	2674
628	2778
629	1808
629	2449
631	651
632	1736
633	834
634	654
634	701
634	782
634	856
634	1475
634	1540
634	1802
634	2069
634	2393
634	2711
635	638
636	1792
636	2102
637	873
637	2673
638	693
638	975
639	649
639	697
639	715
639	727
639	769
639	776
639	820
639	821
639	822
639	981
639	1091
639	2271
639	2805
639	2807
640	710
640	856
640	862
640	888
641	644
642	1803
643	854
643	855
643	1010
643	2505
644	803
645	736
645	750
645	839
645	903
645	950
645	979
645	992
645	1460
645	1821
645	1822
645	1825
645	1828
645	1829
645	2372
645	2495
645	2497
645	2710
646	663
646	673
646	689
646	702
646	767
646	808
646	857
646	1016
646	2633
646	2650
647	653
647	887
647	985
647	993
647	1032
647	1410
647	1412
647	1413
647	1988
647	1991
648	2769
649	981
649	2286
649	2802
650	1542
650	2429
651	706
651	766
651	2802
652	742
652	861
652	1797
653	887
653	985
653	1410
653	1412
653	1413
653	1988
654	867
654	931
654	1475
654	2393
654	2395
655	1398
656	818
656	1416
656	2344
658	659
658	746
658	747
658	841
659	746
659	747
660	677
660	894
660	1296
660	1364
660	1374
660	2388
660	2389
662	1021
662	1724
662	2484
663	702
663	861
663	989
663	1862
663	2517
664	920
665	753
665	1112
665	2000
665	2767
665	2769
665	2770
665	2771
665	2773
665	2774
665	2775
665	2779
665	2780
665	2781
667	1731
668	670
668	693
668	1411
669	685
669	857
669	1862
670	782
670	1805
670	2070
670	2711
672	2504
672	2802
673	702
673	831
673	857
673	989
673	1016
673	2633
674	703
674	908
674	1196
674	1736
674	2216
674	2575
675	1621
676	834
677	1763
677	2794
678	2481
679	709
679	2802
680	697
680	2802
681	1792
682	1828
683	702
683	752
683	857
683	2368
684	874
684	896
684	1725
684	2368
684	2582
684	2583
685	989
686	2568
687	1389
688	1412
688	1989
688	2802
690	934
690	999
690	1628
690	1818
691	693
691	741
692	989
693	741
693	742
693	751
693	784
693	792
693	804
693	805
693	808
693	867
693	872
693	883
693	890
693	891
693	897
693	905
693	909
693	937
693	954
693	965
693	974
693	1026
693	1401
693	1454
693	1461
693	1462
693	1565
693	1630
693	1632
693	1647
693	1876
693	1978
693	2004
693	2008
693	2010
693	2179
693	2186
693	2187
693	2189
693	2192
693	2193
693	2194
693	2268
693	2391
693	2668
693	2773
693	2781
693	2794
694	1513
694	1563
695	696
695	802
695	973
695	1022
695	1023
695	1127
695	1462
695	1555
695	1616
695	1619
695	1622
695	2190
696	802
696	973
696	1002
696	1004
696	1022
696	1023
696	1025
696	1026
696	1127
696	1462
696	1555
696	1616
696	1618
696	1619
696	1622
696	1693
696	1695
696	2190
696	2191
697	715
697	727
697	821
697	969
698	962
698	1127
698	1139
698	1152
698	1457
698	1633
698	1861
698	2140
698	2264
698	2337
699	790
699	791
699	1029
699	1592
699	1593
699	1596
699	1599
699	1603
699	1682
699	2194
699	2504
699	2802
700	892
701	713
701	778
701	782
701	1112
701	1454
701	1802
701	1819
702	710
702	857
702	861
702	1016
703	908
703	1219
703	1239
703	1241
703	2336
704	2301
704	2311
705	910
705	917
705	933
705	1112
705	1126
705	1137
705	1141
705	1808
705	1973
705	2007
705	2014
705	2145
706	2802
707	1599
707	1600
707	2802
708	1112
709	761
709	866
709	2802
710	856
710	862
710	874
710	888
710	1878
710	2362
711	868
711	878
711	1397
711	1506
711	1508
711	1687
711	1907
711	2015
711	2175
711	2713
712	717
712	719
712	843
712	904
712	1757
713	778
713	782
714	884
714	907
714	1136
714	1159
714	1168
714	1180
714	1191
714	1195
714	1659
714	1820
714	2100
715	769
716	928
716	1438
716	1441
716	1512
716	1518
717	904
717	1446
719	843
719	904
719	935
719	997
719	1008
719	1753
719	1756
719	1887
719	2145
719	2231
719	2282
719	2450
719	2456
719	2504
720	858
720	879
720	1736
720	2097
723	863
723	910
723	943
723	990
723	1645
723	1724
723	1883
723	1884
723	1885
723	1888
724	1628
725	775
725	1112
726	745
726	796
726	797
726	852
726	939
726	1000
726	1014
726	1462
726	1555
726	1586
726	1691
726	1695
726	1696
726	2237
726	2238
726	2240
726	2254
726	2256
726	2257
726	2282
726	2602
726	2778
727	2805
728	848
728	2689
728	2735
728	2736
729	1792
729	2210
729	2401
730	2134
730	2347
730	2808
731	1577
732	1422
733	1112
733	1126
733	2011
733	2145
734	1239
735	963
735	2477
735	2802
736	839
736	903
736	950
736	1460
736	1821
736	2495
736	2497
737	861
737	895
737	2485
738	1103
738	1208
738	1214
738	1217
738	2039
738	2205
738	2414
739	1435
740	947
740	986
741	937
741	991
741	2531
742	836
742	990
742	2769
743	2071
744	1823
744	2116
744	2427
745	796
745	797
745	852
745	939
745	1000
745	1014
745	1034
745	1462
745	1555
745	1586
745	1695
745	1696
745	2190
745	2237
745	2238
745	2240
745	2256
745	2257
745	2282
745	2439
745	2508
745	2602
745	2674
745	2778
746	2522
747	957
747	959
747	1500
747	2802
748	1561
748	1616
749	851
749	991
749	2504
750	992
750	1460
750	1822
750	1823
750	1825
750	1829
750	1929
751	905
751	1411
751	2320
753	2000
753	2767
753	2770
753	2772
753	2773
753	2774
753	2775
754	1152
754	1422
754	2773
754	2777
756	1416
757	2802
758	2122
758	2349
758	2603
759	840
760	2633
762	1890
762	2259
762	2802
763	934
763	971
763	999
764	910
764	1566
764	1886
765	1091
765	2135
765	2210
767	989
768	792
768	1443
769	2805
771	1450
771	1787
771	2122
771	2481
771	2483
772	782
772	811
773	888
773	2575
774	2111
774	2116
775	1112
777	896
777	1563
778	856
778	862
778	874
778	888
779	913
779	1500
780	2344
780	2484
782	830
782	1247
782	1540
782	1802
782	2711
783	840
784	867
784	872
784	901
784	1112
784	1625
784	1809
785	1380
786	1724
787	857
787	861
788	1435
788	2174
788	2296
789	1423
790	1593
791	1599
791	2802
792	837
792	1443
793	1724
794	1422
794	2259
795	2221
796	797
796	852
796	939
796	1000
796	1014
796	1034
796	1462
796	1555
796	1586
796	1695
796	1696
796	2009
796	2190
796	2237
796	2238
796	2240
796	2256
796	2257
796	2282
796	2439
796	2508
796	2602
796	2674
796	2778
797	852
797	932
797	939
797	1000
797	1014
797	1462
797	1555
797	1586
797	1695
797	1696
797	2190
797	2237
797	2238
797	2240
797	2256
797	2257
797	2282
797	2439
797	2602
797	2778
798	1422
799	2283
800	801
802	973
802	1022
802	1023
803	897
803	1647
803	1826
803	2132
803	2146
803	2680
806	856
806	859
806	862
806	888
806	2575
807	920
807	926
807	1049
807	1059
807	1060
807	1063
807	1082
807	1158
807	1185
807	1189
807	1190
807	2132
807	2171
807	2498
807	2608
807	2704
808	1686
808	1722
808	2504
810	1009
811	1578
811	1605
812	2407
813	1112
814	912
814	1475
814	2393
815	2802
816	2068
816	2802
818	1416
818	1507
818	1542
818	1624
818	2484
818	2522
822	951
822	1004
822	1629
823	927
826	1869
828	2472
828	2473
831	857
833	870
833	1602
834	1422
835	848
835	1177
835	2689
838	2802
839	903
839	2495
839	2497
840	1968
842	1736
842	2522
843	935
843	1686
843	1758
843	1808
843	2231
843	2504
845	2522
846	851
847	1989
847	2802
848	969
848	2545
848	2549
848	2689
849	861
849	2769
850	937
850	1399
851	876
851	905
851	991
851	1028
851	1594
851	1873
851	1880
851	2284
851	2504
851	2806
852	932
852	935
852	939
852	1000
852	1014
852	1034
852	1462
852	1555
852	1586
852	1616
852	1688
852	1690
852	1691
852	1695
852	1696
852	1887
852	1979
852	1981
852	2009
852	2190
852	2237
852	2238
852	2240
852	2254
852	2256
852	2257
852	2282
852	2439
852	2508
852	2602
852	2674
852	2778
854	855
854	1010
854	2504
854	2505
855	1010
855	2504
855	2505
856	874
856	888
856	934
856	1016
856	1802
856	2575
856	2705
857	861
857	989
857	1016
857	1797
858	989
858	2769
859	888
859	1736
860	2483
861	895
861	956
861	987
861	1016
862	874
862	888
862	945
862	2109
862	2561
863	943
863	989
863	990
863	1645
863	1724
863	1725
863	2600
864	1009
864	1422
865	1415
867	890
867	891
867	937
867	991
867	1033
867	1630
867	1631
867	1632
867	1740
867	1978
867	1980
867	2179
867	2186
867	2794
868	1397
868	1687
868	1907
868	2015
868	2047
868	2175
870	1602
871	2765
872	1112
872	1809
872	2008
873	1806
873	2411
874	888
874	2473
874	2548
875	1785
877	926
878	1397
878	2015
878	2175
879	981
879	1736
879	1828
880	1112
880	2773
881	1060
881	2262
882	1009
884	1820
884	2125
887	985
887	993
887	1032
887	1410
888	934
888	2561
888	2575
890	1023
892	2654
893	1883
893	1887
894	1296
894	1374
894	1648
894	2298
894	2374
894	2386
894	2388
894	2389
895	989
895	1797
896	1452
896	1805
897	922
897	2132
897	2187
897	2769
897	2773
897	2781
898	1273
898	1429
898	1564
899	2522
900	1152
900	1422
900	1974
900	2133
901	974
901	1809
901	1980
901	2008
902	1086
902	1390
902	2487
902	2571
903	950
903	979
903	1460
903	1821
903	1831
903	2141
903	2495
903	2496
903	2497
905	1411
905	2504
907	930
907	968
907	1136
907	1159
907	1165
907	1168
907	1170
907	1174
907	1180
907	1187
907	1191
907	1194
907	1195
907	1450
907	1606
907	1659
907	1734
907	2100
907	2108
907	2143
907	2274
907	2275
907	2279
907	2280
907	2573
907	2645
908	1091
908	1219
908	1241
908	1400
908	1699
908	1716
908	1736
908	2336
909	954
910	917
910	1112
910	1517
910	1613
910	1882
910	1883
910	1885
910	1887
910	2316
912	1037
912	1475
912	2392
912	2393
912	2394
913	972
913	1321
913	1401
913	1411
913	2802
914	1968
915	934
915	1707
915	2069
917	980
917	1112
917	1885
917	1887
918	919
918	921
918	960
918	988
919	920
919	921
919	960
919	970
919	988
919	1577
919	2658
920	926
920	960
920	989
920	1577
920	2633
920	2658
920	2689
921	988
922	1149
922	2541
922	2768
922	2773
923	1422
923	2744
924	1092
924	1435
924	1436
924	1438
924	1497
924	1511
924	1517
924	1518
924	2174
924	2295
924	2316
924	2470
925	998
926	1001
926	2648
927	1434
927	2003
927	2189
927	2190
927	2344
928	986
928	1419
928	1435
929	946
929	1742
929	2406
930	1159
930	1168
930	1194
930	1195
930	2601
931	1475
931	2393
931	2395
932	1014
932	1586
932	1695
932	1696
932	2240
932	2282
933	1112
933	1141
933	1808
933	2012
933	2014
934	971
934	999
934	2490
935	1036
935	1695
935	1758
935	1808
935	1944
935	2009
935	2282
935	2456
935	2504
936	1587
939	1000
939	1014
939	1586
939	1695
939	2190
939	2237
939	2240
939	2257
939	2282
940	1143
942	1661
942	2112
942	2118
942	2420
943	989
943	990
943	1645
943	1724
943	2600
944	1446
944	1686
944	1973
945	2034
945	2036
946	1449
946	2323
946	2403
946	2404
946	2407
947	986
948	2470
949	1841
950	1460
950	1821
952	1422
958	1792
959	975
959	977
959	1500
960	988
960	1577
960	2658
962	2140
964	1621
965	991
965	1444
965	1929
965	2132
965	2680
965	2681
968	1634
968	2087
968	2108
970	988
972	1795
973	1023
973	1555
973	1616
973	1619
973	1622
974	1112
975	1422
975	2456
977	1500
978	984
978	1467
978	1808
979	1821
979	2497
980	2504
981	2286
981	2802
984	1015
984	1446
984	1467
984	1615
984	1808
984	1966
984	1969
984	1970
984	1971
984	1972
984	1973
984	1976
984	2005
985	993
985	1032
985	1410
988	2658
989	990
989	1001
989	2653
990	1645
990	1724
990	1725
990	1888
990	2600
991	2132
993	1032
993	1410
994	1446
994	2010
994	2407
995	2100
995	2118
995	2279
995	2280
995	2546
996	1446
996	2010
996	2407
997	1758
997	2456
1000	1014
1000	1586
1000	2240
1001	1577
1001	2658
1002	1588
1002	1693
1002	1887
1003	1549
1004	1588
1004	1693
1004	1887
1005	1023
1006	1411
1007	1446
1007	2010
1007	2407
1008	1758
1008	2456
1009	1935
1009	1938
1009	2372
1010	2504
1010	2505
1011	1063
1011	1175
1011	2609
1012	1968
1013	1109
1013	1375
1013	1376
1013	1377
1013	1398
1013	1652
1013	2107
1013	2120
1013	2454
1014	1586
1014	1688
1014	1690
1014	1695
1014	1696
1014	2190
1014	2240
1014	2254
1014	2256
1014	2257
1014	2282
1014	2602
1015	1905
1015	1966
1016	1489
1016	1797
1016	2302
1017	1038
1017	2071
1020	1108
1020	1416
1020	1788
1020	2344
1020	2364
1021	1506
1021	1724
1021	1787
1021	1890
1021	2347
1021	2483
1021	2484
1021	2538
1022	1023
1022	1127
1022	1462
1022	1555
1022	1616
1022	1619
1022	1622
1022	2189
1022	2190
1023	1026
1023	1127
1023	1462
1023	1555
1023	1561
1023	1616
1023	1618
1023	1619
1023	1622
1023	1695
1023	1981
1023	2185
1023	2189
1023	2190
1023	2191
1023	2193
1027	1682
1030	1682
1030	2504
1031	1037
1031	1452
1031	1475
1031	2393
1031	2394
1033	1422
1034	1695
1034	2240
1034	2282
1034	2602
1035	1112
1035	1644
1035	1811
1036	1422
1036	1628
1036	1944
1036	2090
1036	2091
1036	2456
1037	1475
1037	2393
1037	2394
1038	1056
1038	1060
1038	1247
1038	2430
1039	1060
1039	2604
1039	2704
1040	1042
1040	1044
1040	1045
1040	1054
1040	1059
1040	1062
1040	1072
1040	1184
1040	1553
1040	2171
1040	2331
1040	2704
1040	2705
1041	1053
1041	1060
1042	1043
1042	1044
1042	1045
1042	1059
1042	1062
1042	1070
1042	1072
1042	1089
1042	1190
1042	1553
1042	2704
1042	2705
1043	1044
1043	1179
1043	1184
1043	1553
1044	1059
1044	1060
1044	1062
1044	1072
1044	1086
1044	1089
1044	1184
1044	1185
1044	1553
1044	1558
1044	1569
1044	2331
1044	2704
1044	2705
1045	1054
1045	1058
1045	1062
1045	1121
1045	1553
1046	1049
1046	1059
1046	1062
1046	1065
1046	1348
1046	1524
1046	1661
1046	1803
1046	2210
1046	2385
1046	2414
1047	1087
1047	1731
1047	2704
1048	1076
1048	2704
1049	1058
1049	1059
1049	1060
1049	1063
1049	1071
1049	1076
1049	1079
1049	1090
1049	1101
1049	1114
1049	1140
1049	1155
1049	1185
1049	1189
1049	1190
1049	2171
1049	2341
1049	2520
1049	2607
1049	2608
1049	2665
1049	2704
1049	2705
1049	2751
1050	1101
1050	2704
1051	1107
1052	1148
1052	2615
1054	1058
1054	1062
1054	1095
1054	2060
1054	2665
1055	1087
1055	1651
1055	1731
1056	1157
1056	2431
1057	1058
1057	1059
1057	1060
1057	1061
1057	1068
1057	1111
1057	1121
1057	2136
1057	2171
1058	1059
1058	1061
1058	1062
1058	1068
1058	1095
1058	1121
1058	1558
1058	2030
1058	2171
1058	2502
1058	2536
1058	2704
1059	1060
1059	1061
1059	1062
1059	1063
1059	1068
1059	1070
1059	1081
1059	1095
1059	1104
1059	1111
1059	1121
1059	1185
1059	1190
1059	2060
1059	2116
1059	2171
1059	2502
1059	2608
1059	2665
1059	2704
1059	2705
1060	1062
1060	1065
1060	1068
1060	1069
1060	1077
1060	1090
1060	1104
1060	1121
1060	1159
1060	1169
1060	1184
1060	1185
1060	1190
1060	1558
1060	1797
1060	1931
1060	1996
1060	2030
1060	2060
1060	2171
1060	2302
1060	2372
1060	2430
1060	2476
1060	2502
1060	2703
1060	2704
1060	2706
1061	1104
1061	1111
1061	1121
1061	2136
1061	2171
1062	1070
1062	1072
1062	1089
1062	1156
1062	1190
1062	1553
1062	2171
1063	1099
1063	1105
1063	1114
1063	1139
1063	1143
1063	1150
1063	1158
1063	1159
1063	1160
1063	1163
1063	1166
1063	1175
1063	1187
1063	1190
1063	1197
1063	1836
1063	2028
1063	2031
1063	2048
1063	2356
1063	2707
1063	2709
1064	1101
1064	1140
1064	2416
1065	1068
1065	1111
1065	2030
1065	2502
1067	2460
1068	1089
1068	1104
1068	1111
1068	1121
1068	2030
1068	2136
1068	2171
1068	2502
1068	2704
1070	1072
1070	1190
1070	1553
1070	1569
1070	1640
1070	2124
1070	2171
1070	2499
1070	2608
1070	2704
1072	1076
1072	1089
1072	1190
1072	1553
1073	1135
1073	1213
1073	1223
1073	1224
1073	1481
1074	1123
1074	1158
1074	1185
1074	2521
1074	2534
1074	2535
1075	1253
1075	2615
1076	1087
1076	1091
1076	1165
1076	1731
1076	1735
1076	2124
1077	1169
1077	1996
1078	2704
1079	1124
1079	1138
1079	2188
1079	2302
1079	2390
1079	2701
1080	2704
1083	1159
1084	1154
1085	2511
1085	2704
1086	1159
1086	1165
1087	1651
1087	1731
1087	2704
1088	2704
1089	1129
1089	1553
1089	2705
1090	1110
1090	1121
1090	1185
1091	1457
1091	1735
1091	1736
1091	1738
1091	2056
1091	2087
1092	1172
1092	2316
1092	2470
1093	2050
1093	2152
1093	2481
1093	2575
1094	2050
1094	2481
1094	2575
1095	1121
1095	2502
1096	2137
1096	2664
1096	2705
1097	2390
1098	2120
1099	1113
1099	1838
1099	2604
1100	1411
1101	1111
1101	1140
1101	1190
1101	1544
1101	1802
1101	2030
1101	2369
1101	2704
1102	1178
1102	2031
1102	2176
1102	2230
1103	1198
1103	1236
1103	1543
1103	1654
1103	1655
1103	1663
1103	1716
1103	1803
1103	1817
1103	1992
1103	2204
1103	2337
1103	2481
1103	2529
1103	2567
1104	1111
1104	1190
1104	1276
1104	1289
1104	1366
1104	2029
1104	2060
1104	2502
1104	2704
1105	1125
1105	1169
1105	1514
1105	1997
1106	1113
1106	1184
1107	1131
1107	1178
1107	2109
1107	2230
1107	2481
1107	2544
1107	2700
1108	1236
1108	1538
1108	2042
1109	1111
1109	1116
1109	1142
1109	2163
1109	2164
1109	2266
1109	2433
1109	2454
1109	2460
1109	2611
1109	2612
1110	1121
1110	2607
1111	1116
1111	2030
1111	2460
1111	2502
1111	2704
1112	1126
1112	1467
1112	1589
1112	1617
1112	1644
1112	1811
1112	1867
1112	2000
1112	2008
1112	2012
1112	2145
1112	2268
1112	2313
1112	2556
1112	2628
1112	2765
1112	2769
1113	2500
1114	1160
1114	1175
1114	1187
1114	2048
1115	1204
1115	2285
1115	2293
1115	2575
1116	1117
1116	1142
1116	2454
1116	2460
1117	2460
1119	2607
1119	2608
1120	1450
1120	1661
1120	2210
1120	2400
1120	2401
1120	2405
1120	2545
1121	1185
1121	1189
1121	1190
1121	1558
1121	2124
1121	2136
1121	2171
1121	2498
1121	2502
1121	2521
1121	2534
1121	2535
1121	2536
1122	1416
1122	1490
1122	1805
1122	2343
1122	2344
1123	2060
1123	2124
1123	2521
1123	2534
1124	1132
1124	2545
1124	2549
1125	1169
1125	1172
1125	1558
1125	1760
1125	1996
1125	1997
1125	2171
1126	2011
1126	2092
1127	1462
1127	1621
1127	1727
1127	2190
1128	1710
1129	2060
1129	2705
1130	1575
1131	1221
1131	1391
1131	1529
1131	1699
1131	2544
1131	2700
1132	1456
1132	2545
1134	2705
1135	1481
1135	2511
1136	1159
1136	1167
1136	1195
1136	2100
1137	1422
1137	1808
1138	1456
1138	2390
1138	2701
1139	1152
1139	1159
1139	1195
1139	1422
1139	1621
1139	2572
1139	2573
1140	1802
1140	2332
1141	1808
1141	2002
1141	2007
1141	2012
1141	2014
1142	2460
1145	1159
1146	1730
1146	2384
1146	2387
1146	2417
1146	2418
1146	2421
1146	2422
1146	2424
1146	2425
1146	2742
1147	1148
1147	1253
1147	1332
1148	1253
1149	2132
1149	2680
1150	1180
1150	1181
1150	1468
1150	2709
1151	1468
1151	2407
1152	1422
1152	1430
1152	1621
1152	2133
1152	2572
1152	2573
1153	1494
1153	1787
1154	2344
1156	1558
1156	2171
1156	2534
1157	2301
1158	2609
1159	1165
1159	1167
1159	1168
1159	1173
1159	1174
1159	1180
1159	1182
1159	1186
1159	1187
1159	1191
1159	1193
1159	1195
1159	1606
1159	1734
1159	1738
1159	2031
1159	2100
1159	2108
1159	2118
1159	2279
1159	2280
1159	2573
1159	2577
1159	2706
1159	2709
1160	1187
1160	1836
1161	1162
1161	2048
1162	1808
1164	2230
1164	2704
1165	1168
1165	1180
1165	1195
1166	1491
1168	1170
1168	1180
1168	1191
1168	1195
1168	2100
1169	1468
1169	1996
1169	1997
1169	2302
1169	2476
1170	1182
1171	2111
1172	1417
1172	1997
1172	2302
1173	1195
1174	2100
1174	2338
1175	2609
1176	1974
1176	1996
1178	2230
1179	1191
1179	2390
1180	1195
1180	2700
1180	2709
1181	1468
1181	2420
1181	2707
1184	1185
1184	1558
1184	2171
1184	2470
1184	2704
1185	1190
1185	1864
1185	2030
1185	2060
1185	2136
1185	2171
1185	2498
1185	2535
1185	2704
1188	2046
1188	2066
1189	2605
1189	2704
1190	1558
1190	2060
1190	2171
1190	2302
1190	2341
1190	2502
1190	2704
1190	2706
1191	1195
1191	1737
1191	1738
1191	2100
1191	2118
1191	2573
1192	2706
1194	1621
1194	2133
1194	2230
1195	1659
1195	1734
1195	1735
1195	2100
1195	2129
1195	2275
1195	2279
1195	2280
1195	2548
1195	2577
1196	1454
1196	1543
1196	1706
1196	2564
1197	1201
1197	2230
1197	2700
1197	2709
1198	1233
1198	1535
1198	1536
1198	1654
1198	1655
1198	2567
1199	1315
1199	1341
1199	1380
1199	1385
1199	1393
1199	1711
1199	1712
1199	1734
1199	1793
1199	2208
1199	2216
1199	2402
1199	2486
1199	2514
1199	2543
1199	2552
1199	2565
1199	2578
1199	2794
1200	1268
1200	1324
1200	1344
1200	1476
1200	1581
1200	2164
1201	1743
1201	2700
1201	2709
1202	1205
1202	1817
1202	2513
1203	1656
1204	2575
1205	1817
1206	2677
1208	1217
1208	1537
1208	1803
1208	2205
1208	2567
1209	2544
1209	2700
1210	2700
1211	2544
1211	2700
1212	1535
1212	2700
1213	1234
1213	1858
1214	1217
1214	2036
1214	2205
1215	2211
1215	2530
1216	1454
1216	1529
1216	1699
1217	1235
1217	2036
1217	2039
1217	2205
1219	1229
1219	1236
1219	1239
1219	1241
1219	1527
1219	1540
1219	2332
1219	2336
1220	1391
1220	1654
1220	2204
1220	2568
1221	1242
1221	1244
1221	1529
1222	1231
1222	1245
1223	2335
1224	1481
1224	1533
1224	2429
1225	1539
1225	1699
1226	1233
1227	1228
1227	1391
1227	1529
1227	1534
1227	2481
1228	1391
1228	1529
1228	1731
1228	2204
1229	1231
1229	1236
1229	1239
1229	1527
1229	1530
1229	1533
1229	1540
1229	1716
1229	2332
1230	1656
1230	2337
1230	2529
1231	1245
1231	2677
1232	1803
1233	1535
1233	1536
1233	1654
1233	1655
1233	1803
1233	2567
1235	2036
1235	2037
1236	1239
1236	1241
1236	1527
1236	1716
1236	2336
1238	1537
1239	1241
1239	1527
1239	1533
1239	1540
1239	1716
1239	2336
1239	2708
1240	1454
1241	1527
1241	2332
1241	2336
1242	1532
1244	1529
1246	2211
1246	2527
1246	2529
1246	2530
1246	2568
1247	1653
1247	1802
1247	2032
1248	1260
1248	1278
1248	1284
1248	1285
1248	1300
1248	1302
1249	1254
1250	1310
1250	1316
1250	1362
1250	1479
1250	1582
1250	2397
1251	1325
1251	1665
1251	2379
1253	2120
1254	1264
1254	1269
1254	1278
1254	1279
1254	1287
1254	1293
1254	1332
1254	1337
1254	1345
1254	1347
1254	1348
1254	1355
1254	1358
1254	1359
1254	1361
1254	1373
1254	1409
1254	1429
1254	1480
1254	1854
1254	2088
1254	2217
1254	2415
1254	2465
1255	1268
1255	1310
1255	1315
1255	1320
1255	1472
1255	1474
1255	1579
1255	1581
1255	1582
1255	1583
1255	1669
1255	1674
1255	2241
1255	2242
1255	2244
1255	2246
1255	2397
1255	2398
1257	1317
1257	2698
1258	1259
1258	1305
1258	1316
1258	1582
1258	1675
1258	2095
1258	2397
1258	2399
1258	2677
1259	1285
1259	1288
1259	1316
1259	1484
1259	1582
1259	1675
1259	2399
1260	1263
1260	1280
1260	1284
1260	1300
1260	1357
1260	1469
1260	2399
1261	1278
1261	1309
1261	1343
1261	2122
1262	1275
1264	1337
1265	1268
1265	1583
1265	1671
1265	2225
1266	2148
1267	1385
1268	1297
1268	1298
1268	1339
1268	1362
1268	1515
1268	1671
1268	2216
1268	2244
1269	1803
1270	1324
1270	1476
1271	1332
1272	1285
1272	2088
1272	2614
1273	1278
1273	1429
1274	1284
1274	1300
1274	1302
1274	1310
1274	1328
1274	1748
1275	1316
1276	1289
1276	1315
1276	1328
1276	1339
1276	1366
1276	1371
1276	1745
1276	1746
1276	1747
1276	1748
1276	2070
1277	1281
1277	1736
1278	1285
1278	1293
1278	1318
1278	1379
1278	1854
1278	2052
1278	2131
1278	2589
1281	1736
1282	1308
1282	1368
1282	1477
1282	1581
1282	1668
1282	2244
1282	2245
1283	1294
1284	1285
1284	1292
1284	1300
1284	1302
1284	1307
1284	1675
1285	1300
1285	1302
1285	1316
1285	2088
1285	2399
1286	1657
1288	1305
1288	1581
1288	2677
1289	1315
1289	1328
1289	1339
1289	1366
1289	1371
1289	1745
1289	1746
1289	1747
1289	1748
1289	2070
1289	2208
1289	2216
1292	2052
1293	1318
1294	1341
1295	1301
1295	1308
1295	1368
1295	1477
1296	1364
1296	1374
1296	2388
1296	2389
1298	1342
1300	1302
1300	2095
1301	1308
1301	1368
1301	1477
1301	1646
1301	1668
1302	1310
1302	1746
1303	1852
1304	2698
1305	1479
1306	1333
1306	1334
1306	1336
1306	1345
1306	1359
1306	1360
1306	2589
1307	1387
1307	2085
1308	1368
1308	1477
1308	1581
1308	1582
1308	1646
1308	1668
1308	1672
1308	1674
1308	2244
1308	2247
1309	2122
1309	2210
1309	2374
1309	2620
1310	1320
1310	1479
1310	1581
1310	1582
1310	1583
1310	1675
1310	1676
1310	2246
1310	2397
1310	2482
1313	1325
1313	1667
1314	1322
1314	1326
1314	1365
1314	1486
1314	1852
1314	1853
1314	1854
1314	2588
1314	2697
1315	1328
1315	1339
1315	1371
1315	1745
1315	1746
1315	1747
1315	1748
1315	2070
1316	1362
1316	1582
1316	1675
1316	2397
1316	2399
1316	2677
1318	1343
1319	1367
1320	1325
1320	1351
1321	1326
1321	1409
1321	1795
1321	2052
1321	2588
1322	1365
1322	1486
1322	1854
1323	1367
1324	1476
1325	1351
1325	1479
1325	1584
1325	1667
1326	1852
1327	1519
1327	1664
1327	2226
1328	1371
1328	1745
1328	1748
1328	2675
1328	2677
1328	2697
1332	2465
1333	1336
1333	1345
1333	1359
1333	2589
1335	1609
1335	2017
1335	2019
1335	2020
1335	2021
1335	2691
1335	2692
1336	1345
1336	1359
1338	1582
1339	1366
1339	1371
1339	1745
1339	1746
1339	1747
1339	1748
1339	2070
1341	2055
1341	2116
1341	2374
1341	2402
1341	2615
1342	1479
1344	1357
1345	2539
1345	2589
1345	2697
1346	2401
1348	1803
1348	1818
1349	2049
1350	2049
1351	1584
1354	2570
1356	2379
1362	1582
1364	1374
1364	1404
1364	2130
1364	2298
1364	2389
1365	1486
1365	1854
1366	1371
1366	1745
1366	1746
1366	1747
1366	1748
1366	2070
1366	2208
1366	2216
1367	2088
1368	1477
1368	1668
1369	1479
1369	1675
1370	1479
1370	1582
1370	1674
1370	1675
1370	1676
1370	2397
1371	1745
1371	1746
1371	1747
1371	1748
1371	2070
1372	1479
1372	1675
1374	2130
1374	2298
1374	2299
1374	2386
1374	2388
1374	2389
1374	2751
1375	2374
1378	2374
1379	2216
1380	1385
1380	1389
1380	1612
1380	1712
1380	1793
1380	2402
1381	1397
1381	2353
1381	2361
1382	2216
1383	1736
1383	2055
1383	2056
1384	2712
1385	1387
1385	1388
1385	1389
1385	1392
1385	1393
1385	1407
1385	1793
1385	2095
1385	2402
1385	2415
1385	2481
1385	2540
1385	2543
1385	2544
1385	2552
1385	2565
1385	2576
1385	2578
1386	2103
1387	2481
1388	2214
1389	1392
1389	1399
1389	1407
1389	1712
1389	2402
1389	2794
1390	1399
1390	1402
1390	2487
1391	1529
1391	1661
1391	1699
1391	1716
1391	1731
1391	1801
1391	1858
1391	2204
1391	2529
1392	1402
1392	1611
1392	1712
1392	2402
1393	1407
1393	1464
1393	2064
1393	2095
1393	2112
1393	2135
1393	2214
1393	2402
1393	2481
1393	2544
1395	1396
1395	1406
1396	1400
1396	2055
1396	2402
1397	1478
1397	2175
1398	1678
1398	2047
1399	1402
1399	1404
1399	1679
1399	2130
1399	2214
1399	2364
1399	2402
1399	2809
1400	1406
1400	2055
1400	2056
1401	2802
1402	1835
1402	2197
1402	2402
1402	2547
1402	2571
1403	1423
1404	1678
1405	1406
1405	2055
1405	2056
1405	2402
1406	2055
1406	2056
1406	2402
1408	1787
1409	1795
1409	2052
1410	1412
1410	1413
1410	1984
1410	1986
1410	1987
1410	1988
1410	1990
1410	1991
1411	1454
1412	1413
1412	1988
1412	1990
1412	1991
1413	1987
1413	1988
1413	1991
1414	1415
1414	1436
1415	1435
1416	1507
1416	1787
1416	2344
1419	1435
1419	1436
1419	1490
1419	1942
1420	1436
1421	1426
1421	1433
1421	1473
1421	2322
1421	2369
1422	1430
1422	1568
1422	1633
1422	1715
1422	1740
1422	1756
1422	1757
1422	1785
1422	1861
1422	1877
1422	1928
1422	1965
1422	1969
1422	1973
1422	1974
1422	2003
1422	2090
1422	2133
1422	2139
1422	2250
1422	2533
1422	2773
1422	2776
1422	2777
1423	2316
1423	2380
1423	2382
1424	1436
1424	1441
1425	1427
1426	1439
1426	1506
1426	1787
1426	2322
1426	2378
1428	1441
1433	2115
1434	2130
1434	2345
1434	2364
1435	1436
1435	1512
1435	1549
1436	1518
1437	1787
1437	2483
1439	1718
1439	1787
1439	2347
1439	2483
1444	2132
1444	2680
1444	2681
1444	2716
1445	2401
1446	1467
1446	1686
1446	1723
1446	1808
1446	1905
1446	1969
1446	1971
1446	1972
1446	1973
1446	1975
1446	1976
1446	1977
1446	2702
1447	2132
1447	2680
1448	2642
1450	1456
1450	2100
1450	2104
1450	2108
1450	2111
1450	2113
1450	2114
1450	2116
1450	2118
1450	2119
1450	2122
1450	2481
1450	2547
1450	2618
1450	2722
1451	2802
1452	2393
1453	1632
1453	2554
1454	1455
1454	1614
1455	1833
1455	2321
1455	2489
1456	2100
1456	2111
1456	2122
1456	2279
1456	2280
1456	2722
1458	1608
1458	1615
1458	1689
1458	1690
1458	1691
1459	1660
1459	2036
1459	2206
1460	1821
1460	1822
1460	1825
1460	1828
1460	1829
1460	2497
1460	2710
1461	2802
1462	1555
1462	1586
1462	1616
1462	1688
1462	1695
1462	1981
1462	2009
1462	2190
1462	2257
1462	2602
1462	2674
1463	2301
1464	2103
1464	2624
1465	2677
1466	2677
1467	1808
1467	1966
1467	1969
1467	1970
1467	1973
1467	1977
1467	2005
1467	2006
1467	2304
1467	2305
1467	2313
1467	2451
1467	2672
1467	2735
1467	2739
1468	1996
1468	2302
1472	1474
1472	1581
1472	1582
1472	1669
1472	1793
1472	2246
1472	2397
1472	2398
1472	2677
1473	2080
1473	2378
1474	1581
1474	1582
1474	1669
1474	2241
1474	2242
1474	2677
1475	2393
1475	2394
1475	2395
1477	1581
1477	1646
1477	1668
1477	1674
1477	2245
1477	2247
1479	1581
1479	1582
1479	1674
1479	1675
1479	1676
1479	2397
1480	2088
1480	2089
1481	1533
1481	1542
1481	2429
1482	1488
1482	1767
1482	1769
1482	1770
1482	1772
1482	1773
1482	1774
1482	1775
1482	1776
1482	1777
1482	1778
1482	1781
1482	1782
1482	1783
1482	1784
1482	2334
1484	2614
1485	2347
1486	1853
1486	1854
1486	2697
1488	1766
1488	1767
1488	1772
1488	1773
1488	1777
1488	1778
1488	1780
1488	1783
1488	1784
1488	2334
1494	1504
1495	1497
1496	1803
1498	2669
1499	1505
1499	2307
1499	2309
1499	2375
1499	2461
1499	2462
1499	2488
1500	1928
1502	1902
1504	2390
1505	1765
1505	2307
1505	2309
1505	2461
1506	1787
1506	1890
1512	2287
1514	2487
1516	2071
1516	2480
1517	2078
1517	2470
1519	2226
1522	1523
1524	1699
1525	1532
1525	1543
1527	1533
1527	2619
1528	1533
1528	2204
1529	1532
1529	1534
1529	2204
1530	2332
1531	2511
1532	1534
1532	1954
1533	1716
1533	2429
1533	2708
1535	1536
1535	1654
1535	1655
1535	1743
1535	1803
1535	2481
1535	2567
1536	1654
1536	1655
1536	1803
1536	2567
1540	1799
1540	1802
1540	1833
1540	2336
1540	2511
1541	2708
1542	2429
1542	2511
1542	2611
1542	2612
1544	1802
1544	2332
1545	1546
1545	1547
1545	2538
1548	2149
1548	2259
1549	1552
1550	2261
1551	2339
1551	2574
1553	2331
1553	2705
1554	1702
1555	1616
1555	1619
1555	1622
1555	1695
1555	2190
1555	2256
1555	2282
1556	2398
1557	2379
1558	2136
1558	2171
1558	2500
1558	2704
1560	2401
1561	1616
1561	1619
1561	1620
1561	1622
1561	1981
1563	2369
1566	1888
1567	1607
1567	1866
1569	2124
1569	2704
1572	1859
1574	2802
1575	2060
1576	1859
1576	1973
1576	2672
1577	2658
1578	1605
1578	2040
1578	2201
1579	1581
1579	1582
1579	1583
1579	1674
1580	1582
1581	1582
1581	1583
1581	1668
1581	1669
1581	1672
1581	1674
1581	2241
1581	2242
1581	2244
1581	2246
1581	2247
1581	2397
1581	2398
1581	2677
1582	1583
1582	1666
1582	1668
1582	1669
1582	1672
1582	1674
1582	1675
1582	1677
1582	2241
1582	2242
1582	2244
1582	2246
1582	2397
1582	2398
1582	2399
1582	2482
1582	2677
1583	1672
1583	1674
1583	2095
1583	2244
1583	2397
1583	2398
1585	1725
1586	1695
1586	1696
1586	2009
1586	2240
1586	2256
1586	2257
1586	2282
1586	2439
1586	2602
1586	2778
1587	1695
1591	1805
1592	1682
1593	1596
1593	1603
1594	2802
1595	2504
1595	2802
1596	1599
1596	1603
1596	1682
1596	2504
1596	2802
1598	2802
1599	1600
1599	1603
1599	1682
1599	2504
1599	2802
1600	2504
1600	2802
1601	2437
1602	2269
1603	1682
1603	2472
1603	2504
1603	2802
1604	2548
1604	2712
1605	2214
1607	2016
1609	2017
1609	2691
1610	1611
1611	1987
1611	1991
1612	2216
1615	1691
1616	1619
1616	1622
1616	1695
1616	1981
1618	1619
1618	2194
1619	1622
1619	2190
1620	1622
1622	2190
1628	2190
1628	2456
1630	2179
1633	1861
1635	1866
1636	1741
1637	1639
1637	2434
1637	2503
1639	1680
1640	2124
1640	2499
1643	2701
1645	1724
1645	1885
1645	1888
1645	2484
1649	1650
1650	2516
1651	1731
1653	1656
1653	2095
1653	2677
1653	2698
1653	2708
1654	1655
1654	1803
1654	2567
1655	1803
1655	2206
1655	2481
1655	2567
1656	1657
1658	2802
1659	2100
1661	1818
1661	2042
1663	2481
1667	2698
1668	1672
1668	2244
1668	2247
1669	1670
1669	2241
1669	2243
1669	2636
1672	1674
1672	2244
1672	2397
1673	2200
1674	2244
1674	2397
1675	1676
1675	2397
1675	2399
1678	2715
1679	1788
1680	2373
1681	2058
1682	1684
1682	1698
1682	2504
1682	2802
1683	2504
1683	2802
1685	1698
1685	1905
1687	2015
1688	1695
1688	1981
1688	2256
1688	2257
1688	2282
1688	2602
1690	1691
1690	1695
1690	2053
1691	1695
1691	2256
1691	2282
1691	2778
1692	1695
1692	2802
1693	1694
1693	1883
1693	1887
1693	2185
1694	1697
1694	1883
1695	1696
1695	1697
1695	1698
1695	1883
1695	1887
1695	1979
1695	1981
1695	2009
1695	2185
1695	2190
1695	2237
1695	2238
1695	2240
1695	2254
1695	2256
1695	2257
1695	2281
1695	2282
1695	2439
1695	2473
1695	2508
1695	2602
1695	2674
1695	2778
1696	1887
1696	1979
1696	2237
1696	2240
1696	2256
1696	2257
1696	2602
1696	2674
1696	2778
1698	1900
1698	2504
1699	2413
1699	2414
1699	2416
1700	2235
1702	1902
1702	1933
1702	2054
1702	2235
1702	2718
1706	1709
1707	1803
1707	2220
1707	2339
1707	2666
1707	2712
1708	2072
1708	2401
1709	2318
1710	1933
1711	1712
1711	2318
1712	2318
1713	2337
1714	2329
1718	1787
1718	1890
1718	1968
1718	2483
1719	1787
1721	2324
1723	1808
1724	1725
1724	2333
1724	2368
1724	2484
1725	1888
1725	2099
1725	2177
1725	2263
1725	2769
1726	1803
1728	2301
1729	2301
1730	2417
1730	2423
1731	2513
1732	2274
1733	1736
1734	2100
1734	2108
1734	2122
1736	1737
1736	2271
1736	2272
1736	2276
1736	2277
1737	2031
1737	2522
1737	2550
1738	2108
1738	2279
1738	2280
1738	2405
1738	2622
1739	1740
1740	2452
1743	1744
1743	2709
1743	2715
1745	1746
1745	1747
1745	1748
1745	2070
1746	1747
1746	2070
1747	1748
1747	2070
1749	2116
1749	2122
1749	2349
1749	2471
1751	1752
1752	1810
1752	1897
1752	2145
1752	2450
1753	2456
1754	2697
1754	2698
1755	1968
1756	1758
1756	1808
1756	1973
1757	1969
1757	1977
1758	1944
1758	2456
1759	1890
1759	2259
1759	2483
1760	1761
1762	1790
1762	2165
1763	1768
1763	1772
1763	1773
1763	1775
1763	1777
1763	1780
1763	1784
1763	1790
1763	2165
1763	2334
1763	2734
1763	2735
1763	2736
1764	1766
1764	1767
1764	1772
1764	1773
1764	1778
1764	2723
1764	2736
1766	1767
1766	1773
1766	1774
1766	1775
1766	1776
1766	1778
1766	1780
1766	1783
1766	1784
1766	2334
1767	1769
1767	1770
1767	1772
1767	1773
1767	1774
1767	1775
1767	1776
1767	1777
1767	1778
1767	1779
1767	1783
1767	1784
1767	2334
1768	1769
1768	1775
1769	1774
1769	1778
1769	1783
1769	1784
1769	1790
1769	2165
1770	1772
1770	1773
1770	1775
1770	1776
1770	1777
1770	1778
1770	1779
1770	1782
1770	1783
1770	1784
1772	1773
1772	1774
1772	1775
1772	1776
1772	1777
1772	1778
1772	1780
1772	1781
1772	1782
1772	1783
1772	1784
1773	1774
1773	1775
1773	1776
1773	1777
1773	1778
1773	1779
1773	1780
1773	1781
1773	1782
1773	1783
1773	1784
1773	1814
1773	2334
1774	1775
1774	1776
1774	1777
1774	1778
1774	1783
1774	1784
1774	2165
1775	1776
1775	1777
1775	1778
1775	1780
1775	1783
1775	1906
1775	2334
1775	2735
1775	2736
1776	1777
1776	1778
1776	1782
1776	1783
1776	1784
1777	1778
1777	1780
1777	1783
1777	1784
1777	1790
1778	1781
1778	1782
1778	1783
1778	1784
1778	2334
1781	1783
1782	1783
1782	1784
1783	1784
1787	1851
1787	1890
1787	1891
1787	2166
1787	2327
1787	2347
1787	2363
1787	2483
1787	2690
1788	1789
1788	2359
1789	1793
1789	1794
1789	1796
1789	2370
1790	2165
1791	1793
1792	1793
1792	1794
1792	1796
1792	2102
1792	2277
1792	2278
1792	2401
1793	1796
1793	1803
1793	2402
1793	2486
1793	2543
1793	2552
1793	2578
1795	1870
1795	2046
1795	2051
1795	2212
1795	2215
1795	2518
1795	2789
1796	2216
1798	2802
1799	1802
1800	1802
1801	2023
1801	2024
1801	2783
1802	1804
1802	1805
1802	1833
1802	1834
1802	2343
1802	2453
1802	2489
1802	2568
1802	2711
1803	2147
1803	2161
1803	2210
1803	2400
1803	2401
1803	2405
1803	2420
1803	2518
1803	2567
1803	2666
1803	2676
1803	2678
1803	2679
1804	1805
1804	2575
1805	2711
1806	2717
1807	1896
1808	1967
1808	1969
1808	1973
1808	1977
1808	2001
1808	2007
1808	2012
1808	2045
1808	2145
1808	2313
1809	2008
1809	2092
1812	1959
1813	2802
1815	2672
1816	2259
1817	2227
1817	2712
1820	2213
1821	1828
1821	1829
1821	2710
1822	1825
1822	2400
1823	2427
1826	1929
1826	2716
1827	1828
1827	1829
1827	2400
1828	1829
1828	1832
1828	2372
1828	2400
1828	2401
1828	2492
1828	2710
1829	1832
1829	2492
1829	2710
1830	2401
1831	2491
1831	2496
1832	2400
1835	2615
1837	2059
1837	2156
1837	2159
1837	2197
1837	2407
1837	2721
1840	1841
1840	2522
1842	2250
1843	1906
1843	2043
1844	2255
1845	1848
1845	1850
1845	2753
1846	1848
1846	1850
1846	1947
1846	1955
1846	2760
1847	2753
1848	1850
1848	1946
1848	1948
1848	1950
1848	1955
1848	1998
1848	2079
1848	2253
1848	2753
1848	2758
1848	2759
1848	2760
1849	1850
1849	2760
1850	2753
1850	2759
1850	2760
1851	2259
1852	1854
1853	1854
1853	2697
1855	2802
1858	2386
1859	2672
1860	2339
1860	2623
1861	2573
1863	2802
1864	2060
1864	2136
1864	2171
1866	2579
1866	2802
1869	2802
1873	2504
1875	2067
1876	2504
1876	2802
1877	1974
1877	2250
1879	2344
1879	2504
1881	1883
1881	1887
1881	1900
1883	1887
1884	1889
1885	2600
1888	1889
1891	2483
1891	2560
1893	1903
1894	1903
1894	1962
1894	1963
1895	1955
1895	2760
1897	1946
1897	1951
1897	1952
1899	1900
1899	2802
1901	2259
1902	1933
1902	2259
1902	2458
1903	1962
1903	1963
1905	1972
1907	2015
1912	1913
1912	1915
1912	1918
1913	1914
1913	1915
1913	1918
1914	1915
1914	1916
1914	1918
1914	1920
1914	1921
1914	1925
1914	1959
1914	2172
1914	2532
1914	2693
1914	2740
1915	1916
1915	1917
1915	1918
1916	1917
1916	1918
1917	1918
1920	1921
1927	1930
1928	1929
1928	1930
1929	2132
1929	2519
1929	2716
1932	2758
1933	2121
1933	2259
1933	2437
1933	2458
1934	2382
1934	2799
1934	2800
1937	2504
1939	2698
1940	2504
1941	2036
1941	2037
1943	2539
1943	2698
1944	2091
1945	2343
1946	1947
1946	1948
1946	1949
1946	1950
1946	1951
1946	1952
1946	1953
1946	1955
1946	1982
1946	1998
1946	2128
1946	2253
1946	2255
1946	2758
1946	2760
1947	1955
1947	2730
1947	2758
1947	2760
1947	2791
1948	1951
1948	1952
1948	1953
1948	2758
1948	2762
1949	1950
1949	1953
1949	1955
1949	1998
1949	2253
1949	2758
1950	1951
1950	1953
1950	1955
1950	1998
1950	2253
1950	2758
1951	1952
1951	1955
1951	1998
1951	2253
1951	2758
1952	1953
1952	1982
1952	1998
1952	2255
1952	2758
1955	1957
1955	1983
1955	1998
1955	2145
1955	2236
1955	2249
1955	2253
1955	2727
1955	2728
1955	2758
1955	2760
1955	2761
1955	2790
1955	2803
1955	2804
1960	1962
1960	1963
1962	1963
1962	1964
1962	2754
1962	2755
1963	1964
1965	2250
1966	1969
1966	2005
1966	2006
1966	2010
1967	1973
1968	2045
1968	2355
1968	2714
1969	1970
1969	1971
1969	1973
1969	1976
1969	2005
1969	2006
1969	2178
1969	2305
1969	2313
1969	2407
1970	1972
1970	1973
1970	1977
1970	2005
1970	2006
1971	1973
1972	1973
1972	1975
1972	1976
1972	1977
1972	2305
1973	1975
1973	1976
1973	1977
1973	2007
1973	2012
1973	2672
1973	2702
1974	2250
1974	2352
1974	2750
1975	1976
1975	1977
1976	1977
1977	2672
1977	2702
1979	2240
1979	2439
1980	2179
1982	2758
1984	1986
1985	1992
1993	2372
1996	2302
1998	2253
1998	2758
1998	2760
2000	2555
2000	2557
2000	2765
2000	2767
2000	2770
2003	2715
2005	2006
2005	2304
2008	2680
2009	2237
2013	2014
2014	2145
2015	2175
2015	2176
2015	2713
2016	2802
2017	2021
2017	2022
2017	2691
2017	2692
2019	2443
2019	2691
2019	2692
2020	2022
2020	2400
2020	2692
2021	2440
2021	2691
2021	2692
2023	2024
2025	2026
2027	2667
2027	2735
2027	2736
2027	2753
2028	2031
2028	2709
2029	2030
2030	2502
2030	2520
2031	2373
2033	2036
2034	2036
2034	2039
2034	2040
2035	2036
2036	2037
2036	2039
2036	2040
2036	2041
2036	2107
2036	2122
2036	2587
2038	2122
2039	2040
2039	2041
2042	2120
2043	2734
2043	2735
2043	2736
2044	2180
2044	2360
2046	2066
2051	2210
2053	2189
2055	2056
2059	2159
2059	2197
2059	2407
2059	2721
2060	2136
2060	2171
2060	2498
2060	2502
2060	2521
2060	2534
2060	2704
2064	2130
2065	2734
2065	2746
2065	2753
2066	2613
2069	2480
2069	2575
2071	2428
2071	2672
2073	2078
2074	2140
2076	2698
2077	2230
2079	2760
2080	2081
2080	2322
2080	2378
2084	2407
2086	2590
2087	2108
2090	2091
2093	2095
2094	2096
2095	2543
2095	2546
2095	2552
2095	2565
2095	2578
2095	2677
2100	2108
2100	2111
2100	2118
2100	2122
2100	2279
2100	2280
2100	2547
2100	2577
2102	2401
2103	2625
2104	2722
2105	2349
2105	2353
2105	2625
2107	2113
2108	2110
2108	2114
2108	2548
2108	2550
2108	2577
2109	2120
2109	2122
2110	2116
2110	2122
2110	2349
2110	2402
2110	2618
2111	2114
2111	2116
2111	2547
2111	2550
2111	2618
2111	2722
2112	2135
2113	2122
2113	2167
2113	2349
2114	2547
2114	2550
2116	2120
2116	2121
2116	2122
2116	2349
2116	2374
2116	2688
2116	2722
2117	2273
2117	2570
2117	2666
2117	2722
2118	2279
2118	2280
2118	2574
2120	2122
2120	2620
2121	2369
2122	2349
2122	2547
2122	2570
2122	2618
2122	2722
2123	2802
2124	2136
2124	2171
2124	2499
2124	2500
2124	2534
2126	2667
2126	2736
2130	2294
2130	2345
2130	2554
2131	2698
2132	2680
2132	2681
2135	2206
2135	2210
2135	2419
2136	2171
2136	2498
2136	2500
2136	2502
2136	2521
2136	2534
2136	2535
2136	2536
2137	2705
2138	2140
2140	2143
2140	2155
2140	2720
2142	2556
2143	2751
2147	2676
2147	2678
2147	2679
2150	2354
2151	2152
2156	2197
2156	2721
2157	2383
2159	2197
2159	2407
2159	2721
2161	2162
2161	2163
2161	2164
2161	2385
2161	2712
2162	2163
2162	2164
2163	2164
2163	2446
2164	2446
2164	2708
2166	2402
2167	2169
2168	2540
2171	2499
2171	2502
2171	2534
2171	2605
2171	2704
2175	2369
2177	2769
2178	2769
2181	2189
2187	2781
2188	2549
2188	2701
2189	2190
2190	2237
2190	2240
2190	2256
2190	2257
2190	2282
2193	2194
2197	2300
2197	2302
2197	2303
2197	2404
2197	2407
2197	2408
2197	2444
2197	2721
2199	2269
2206	2337
2207	2481
2207	2567
2210	2270
2210	2339
2210	2400
2210	2401
2210	2420
2210	2706
2210	2712
2211	2529
2211	2530
2211	2568
2215	2479
2215	2481
2215	2511
2216	2481
2216	2486
2216	2543
2216	2552
2216	2565
2216	2684
2216	2687
2216	2807
2218	2325
2227	2481
2227	2573
2228	2390
2230	2700
2231	2283
2232	2390
2237	2238
2237	2240
2237	2257
2237	2282
2238	2239
2238	2240
2238	2256
2238	2602
2238	2778
2239	2240
2240	2254
2240	2256
2240	2257
2240	2282
2240	2439
2240	2508
2240	2509
2240	2602
2240	2674
2240	2778
2241	2242
2242	2397
2244	2397
2248	2252
2250	2251
2250	2253
2250	2533
2250	2750
2250	2752
2253	2758
2253	2760
2254	2256
2254	2257
2254	2602
2256	2257
2256	2282
2256	2602
2256	2778
2257	2282
2257	2439
2257	2602
2257	2778
2258	2522
2258	2802
2259	2350
2259	2436
2259	2458
2259	2459
2259	2525
2263	2634
2266	2704
2270	2271
2270	2276
2270	2277
2270	2278
2270	2575
2272	2276
2272	2277
2272	2575
2276	2277
2276	2278
2276	2575
2277	2575
2278	2575
2279	2280
2279	2577
2280	2573
2280	2577
2282	2602
2282	2778
2283	2351
2284	2773
2285	2288
2286	2289
2286	2292
2288	2292
2288	2802
2289	2291
2289	2802
2291	2292
2292	2293
2292	2412
2293	2802
2295	2382
2296	2717
2298	2299
2298	2386
2298	2388
2298	2389
2299	2338
2299	2386
2299	2388
2299	2389
2299	2742
2301	2304
2301	2305
2301	2311
2302	2404
2302	2407
2305	2306
2307	2309
2307	2461
2307	2488
2309	2371
2309	2461
2309	2488
2312	2587
2315	2470
2316	2380
2316	2382
2322	2325
2323	2404
2323	2407
2325	2435
2327	2328
2332	2336
2333	2600
2336	2511
2339	2420
2339	2501
2339	2545
2339	2549
2339	2712
2341	2502
2341	2608
2344	2364
2345	2715
2346	2347
2347	2363
2347	2483
2349	2374
2351	2504
2351	2802
2358	2698
2364	2715
2365	2401
2366	2504
2367	2504
2368	2484
2372	2716
2376	2388
2376	2389
2380	2382
2382	2494
2382	2793
2384	2387
2385	2545
2385	2712
2386	2388
2386	2389
2388	2389
2389	2742
2390	2701
2392	2393
2393	2394
2393	2395
2397	2398
2397	2677
2398	2677
2399	2677
2400	2401
2400	2492
2400	2722
2401	2403
2401	2405
2401	2491
2401	2710
2401	2716
2402	2486
2402	2543
2402	2552
2402	2558
2402	2565
2402	2578
2403	2404
2403	2406
2404	2406
2404	2407
2407	2434
2407	2510
2407	2721
2409	2410
2417	2422
2417	2424
2417	2425
2418	2419
2422	2425
2422	2753
2437	2795
2437	2797
2446	2448
2446	2708
2447	2448
2448	2619
2454	2714
2456	2601
2457	2698
2461	2488
2464	2465
2468	2469
2468	2794
2469	2794
2473	2475
2479	2480
2479	2481
2480	2481
2480	2513
2481	2543
2481	2549
2481	2551
2481	2552
2481	2553
2481	2559
2481	2565
2481	2567
2481	2573
2481	2574
2481	2578
2482	2685
2483	2690
2486	2487
2489	2711
2492	2710
2495	2496
2495	2497
2496	2497
2498	2500
2498	2521
2498	2534
2498	2535
2498	2536
2499	2500
2500	2534
2500	2535
2500	2536
2501	2712
2502	2534
2502	2605
2502	2704
2504	2505
2504	2581
2504	2668
2504	2802
2505	2506
2505	2507
2505	2769
2505	2802
2507	2802
2508	2602
2511	2512
2513	2586
2521	2534
2521	2535
2521	2536
2522	2524
2528	2529
2528	2530
2528	2568
2529	2530
2529	2568
2530	2568
2533	2773
2534	2535
2534	2536
2535	2536
2545	2548
2545	2549
2545	2563
2545	2577
2545	2712
2547	2570
2547	2618
2547	2722
2548	2563
2548	2577
2548	2751
2549	2550
2549	2567
2549	2577
2549	2712
2550	2570
2552	2565
2554	2556
2554	2557
2560	2563
2560	2616
2562	2698
2564	2567
2566	2568
2566	2711
2568	2569
2570	2618
2572	2573
2572	2576
2573	2574
2573	2685
2576	2769
2577	2751
2591	2593
2591	2594
2591	2596
2591	2597
2591	2598
2592	2597
2592	2598
2593	2594
2593	2597
2593	2598
2594	2596
2594	2597
2594	2598
2596	2597
2596	2598
2597	2598
2598	2599
2602	2674
2602	2778
2605	2607
2607	2608
2608	2704
2610	2698
2617	2619
2618	2619
2624	2625
2628	2630
2628	2753
2628	2769
2629	2769
2630	2735
2631	2730
2633	2650
2643	2644
2643	2649
2643	2654
2643	2656
2644	2649
2645	2657
2657	2658
2664	2705
2667	2734
2667	2735
2667	2736
2667	2742
2672	2788
2674	2778
2676	2678
2677	2682
2683	2685
2685	2686
2691	2692
2696	2697
2696	2698
2696	2699
2697	2698
2697	2699
2698	2699
2700	2709
2703	2704
2723	2735
2724	2742
2725	2753
2726	2735
2726	2739
2727	2728
2729	2751
2731	2757
2731	2758
2732	2758
2733	2734
2733	2735
2733	2736
2733	2739
2733	2741
2733	2742
2733	2751
2734	2735
2734	2736
2734	2737
2734	2739
2734	2741
2734	2742
2734	2751
2735	2736
2735	2737
2735	2738
2735	2739
2735	2741
2735	2742
2735	2751
2736	2737
2736	2739
2736	2741
2736	2742
2736	2751
2737	2741
2737	2742
2737	2751
2739	2741
2739	2742
2739	2751
2740	2742
2740	2748
2741	2742
2741	2751
2742	2743
2742	2745
2742	2746
2742	2751
2745	2746
2746	2747
2756	2762
2757	2758
2757	2762
2758	2760
2758	2762
2758	2763
2759	2760
2763	2764
2766	2767
2766	2769
2767	2770
2767	2771
2767	2773
2767	2774
2767	2775
2767	2777
2767	2780
2768	2773
2769	2774
2769	2775
2770	2771
2770	2772
2770	2773
2770	2774
2770	2775
2770	2777
2771	2772
2771	2773
2771	2774
2771	2775
2771	2777
2773	2774
2773	2775
2773	2776
2773	2777
2773	2779
2773	2780
2773	2781
2774	2775
2774	2777
2779	2780
2779	2781
2782	2802
2792	2794
2793	2795
2793	2796
2793	2797
2794	2802
2795	2800
2796	2798
2796	2801
