1	1123
5	160
5	321
5	387
5	414
5	1070
5	1489
5	2259
11	1283
11	1294
11	1353
15	557
15	1431
15	1446
17	1283
21	1093
21	1787
21	2152
21	2575
23	1486
24	1431
24	2070
27	143
27	232
27	315
27	320
27	377
27	394
27	983
27	1601
27	1818
27	2458
27	2587
31	168
31	394
31	1818
33	84
33	102
33	109
33	232
33	315
33	320
33	377
33	394
33	580
33	983
33	1060
33	1081
33	1104
33	1310
33	1485
33	1601
33	1678
33	1818
33	1968
33	1973
33	2116
33	2145
33	2259
33	2349
33	2363
33	2374
33	2458
33	2587
33	2630
33	2715
34	84
34	394
34	1678
34	1818
34	2363
34	2715
39	83
39	160
39	189
39	321
39	387
39	414
39	1265
39	1298
39	1489
39	1583
39	2259
43	153
45	54
45	81
45	84
45	109
45	189
45	466
45	472
45	530
45	535
45	558
45	562
45	614
45	896
45	910
45	917
45	1021
45	1046
45	1093
45	1112
45	1126
45	1408
45	1435
45	1703
45	1705
45	1787
45	1902
45	2182
45	2305
45	2325
45	2405
45	2618
46	672
46	838
46	1431
46	1813
46	2016
46	2123
46	2483
47	152
49	64
49	132
54	84
54	194
54	910
54	1408
54	1787
64	82
64	84
64	97
64	123
64	132
64	1431
64	1510
73	232
73	315
73	320
73	377
73	394
73	983
73	1485
73	1601
73	1602
73	1818
73	2458
77	1398
79	155
81	84
81	189
81	472
81	1408
81	1703
81	1705
81	1787
81	2182
82	132
82	163
82	1139
82	1153
83	160
83	189
83	321
83	387
83	414
83	1265
83	1298
83	1489
83	1583
84	97
84	109
84	466
84	472
84	535
84	558
84	562
84	614
84	896
84	910
84	917
84	1046
84	1093
84	1112
84	1126
84	1408
84	1435
84	1510
84	1678
84	1703
84	1705
84	1787
84	1968
84	2182
84	2325
84	2405
84	2618
84	2715
87	116
88	1470
93	1803
96	124
96	180
96	1139
96	1421
96	1506
97	132
97	172
97	1431
97	1468
97	1485
97	1510
102	123
102	232
102	315
102	320
102	377
102	394
102	983
102	1601
102	1818
102	2363
102	2458
102	2587
107	109
107	1470
109	198
109	232
109	315
109	320
109	377
109	394
109	562
109	983
109	1112
109	1408
109	1496
109	1601
109	1787
109	1818
109	2349
109	2445
109	2458
109	2587
111	151
113	134
113	160
113	189
113	229
113	321
113	362
113	387
113	393
113	414
113	474
113	499
113	1489
113	2259
113	2799
120	153
121	160
121	189
121	321
121	387
121	414
121	1489
122	2447
122	2448
124	1139
124	1159
124	1436
124	1506
129	1408
129	1787
129	2325
130	160
130	321
130	387
130	414
130	1489
132	1153
132	1431
132	1510
134	160
134	189
134	229
134	321
134	362
134	387
134	393
134	414
134	474
134	499
134	1422
134	1489
134	2259
134	2735
134	2799
143	160
143	189
143	321
143	387
143	414
143	1489
152	1787
159	1408
159	1787
160	189
160	229
160	256
160	321
160	333
160	362
160	387
160	393
160	399
160	413
160	414
160	433
160	436
160	442
160	453
160	460
160	474
160	499
160	512
160	556
160	637
160	714
160	774
160	782
160	974
160	1021
160	1070
160	1120
160	1131
160	1168
160	1239
160	1298
160	1326
160	1422
160	1489
160	1583
160	1716
160	1753
160	1902
160	1950
160	2010
160	2065
160	2095
160	2108
160	2126
160	2259
160	2311
160	2345
160	2470
160	2548
160	2667
160	2734
160	2735
160	2795
160	2799
163	2347
163	2483
189	229
189	321
189	362
189	387
189	393
189	399
189	414
189	436
189	453
189	474
189	499
189	714
189	1021
189	1070
189	1168
189	1298
189	1422
189	1489
189	1583
189	1753
189	1902
189	2108
189	2259
189	2345
189	2548
189	2735
189	2799
193	1268
193	1787
193	2216
198	1787
204	212
204	250
204	347
212	298
212	317
212	347
212	376
212	1933
212	1995
214	232
214	315
214	320
214	366
214	377
214	394
214	983
214	1601
214	1818
214	2259
214	2458
214	2591
221	410
229	256
229	321
229	362
229	387
229	393
229	399
229	414
229	433
229	436
229	453
229	474
229	499
229	714
229	1021
229	1422
229	1489
229	1583
229	2108
229	2259
229	2345
229	2735
229	2799
232	270
232	308
232	315
232	320
232	366
232	377
232	394
232	410
232	547
232	568
232	580
232	619
232	894
232	968
232	983
232	1059
232	1060
232	1081
232	1090
232	1104
232	1112
232	1310
232	1391
232	1485
232	1505
232	1601
232	1678
232	1784
232	1801
232	1818
232	1968
232	1973
232	1976
232	2116
232	2145
232	2259
232	2349
232	2363
232	2374
232	2425
232	2458
232	2587
232	2630
232	2715
236	504
237	317
237	321
237	346
237	430
237	1995
237	2259
237	2493
237	2677
241	2233
245	1787
256	321
256	336
256	387
256	393
256	414
256	474
256	1489
256	2799
258	298
258	375
258	896
258	1435
258	1512
258	1787
258	1933
261	404
264	435
270	313
270	317
270	320
270	349
270	377
270	983
270	1601
270	2259
270	2458
272	366
274	1902
282	1146
298	347
298	375
298	376
298	896
298	1139
298	1435
298	1512
298	1933
308	320
308	394
308	983
308	1601
308	1818
308	2458
313	317
315	320
315	366
315	377
315	394
315	410
315	547
315	568
315	580
315	619
315	894
315	968
315	983
315	1059
315	1060
315	1081
315	1090
315	1104
315	1112
315	1310
315	1391
315	1485
315	1505
315	1601
315	1678
315	1784
315	1801
315	1818
315	1968
315	1973
315	1976
315	2116
315	2145
315	2259
315	2349
315	2363
315	2374
315	2425
315	2458
315	2587
315	2630
315	2715
317	321
317	346
317	349
317	430
317	1139
317	1159
317	1995
317	2259
317	2493
317	2677
320	366
320	377
320	394
320	410
320	547
320	568
320	580
320	619
320	894
320	968
320	983
320	1059
320	1060
320	1081
320	1090
320	1104
320	1112
320	1310
320	1391
320	1485
320	1505
320	1601
320	1678
320	1784
320	1801
320	1818
320	1968
320	1973
320	1976
320	2116
320	2145
320	2259
320	2349
320	2363
320	2374
320	2425
320	2458
320	2587
320	2630
320	2715
321	333
321	346
321	362
321	387
321	393
321	399
321	414
321	430
321	433
321	436
321	442
321	453
321	460
321	474
321	499
321	512
321	556
321	637
321	647
321	714
321	774
321	974
321	1021
321	1070
321	1120
321	1131
321	1168
321	1239
321	1298
321	1422
321	1489
321	1583
321	1716
321	1753
321	1902
321	1950
321	1995
321	2010
321	2108
321	2126
321	2259
321	2311
321	2332
321	2345
321	2470
321	2493
321	2548
321	2677
321	2734
321	2735
321	2799
325	2504
333	387
333	414
333	499
333	1489
333	2259
336	389
346	430
346	1995
346	2259
346	2493
346	2677
347	376
347	1933
353	782
362	387
362	393
362	399
362	414
362	433
362	436
362	453
362	474
362	499
362	714
362	1021
362	1422
362	1489
362	1583
362	2108
362	2259
362	2345
362	2735
362	2799
366	377
366	394
366	983
366	1601
366	1818
366	2259
366	2458
366	2587
369	865
370	378
370	441
370	1662
370	2458
375	896
375	1435
375	1512
375	1787
375	1933
376	1139
376	1933
377	394
377	410
377	547
377	568
377	580
377	894
377	968
377	983
377	1060
377	1081
377	1090
377	1104
377	1112
377	1310
377	1391
377	1485
377	1505
377	1601
377	1678
377	1784
377	1801
377	1818
377	1968
377	1973
377	1976
377	2116
377	2145
377	2259
377	2349
377	2363
377	2374
377	2425
377	2458
377	2587
377	2630
377	2715
379	439
380	447
381	394
381	1818
387	393
387	399
387	413
387	414
387	433
387	436
387	442
387	453
387	460
387	474
387	499
387	512
387	556
387	637
387	647
387	714
387	774
387	782
387	974
387	1021
387	1070
387	1120
387	1131
387	1168
387	1239
387	1298
387	1326
387	1422
387	1489
387	1583
387	1716
387	1753
387	1902
387	1950
387	2010
387	2065
387	2095
387	2108
387	2126
387	2259
387	2311
387	2332
387	2345
387	2390
387	2470
387	2548
387	2734
387	2735
387	2799
393	399
393	414
393	433
393	436
393	453
393	474
393	499
393	714
393	1021
393	1422
393	1489
393	1583
393	2108
393	2259
393	2345
393	2735
393	2799
394	410
394	504
394	547
394	562
394	568
394	580
394	619
394	645
394	719
394	893
394	894
394	923
394	968
394	983
394	1059
394	1060
394	1081
394	1090
394	1104
394	1112
394	1258
394	1310
394	1391
394	1434
394	1485
394	1505
394	1542
394	1601
394	1662
394	1678
394	1784
394	1801
394	1818
394	1968
394	1973
394	1976
394	1977
394	2116
394	2145
394	2259
394	2279
394	2349
394	2363
394	2374
394	2425
394	2458
394	2587
394	2630
394	2715
394	2737
399	414
399	433
399	436
399	453
399	474
399	499
399	1489
399	1902
399	2259
399	2735
399	2799
410	983
410	1601
410	1818
410	2259
410	2340
410	2458
413	1489
414	433
414	436
414	442
414	453
414	460
414	474
414	499
414	512
414	556
414	611
414	637
414	714
414	774
414	782
414	974
414	1021
414	1070
414	1120
414	1168
414	1239
414	1298
414	1326
414	1422
414	1489
414	1583
414	1716
414	1753
414	1902
414	1950
414	2010
414	2095
414	2108
414	2109
414	2126
414	2259
414	2311
414	2345
414	2470
414	2548
414	2734
414	2735
414	2795
414	2799
430	1995
430	2259
430	2493
430	2677
433	454
433	474
433	499
433	1489
433	2259
433	2799
435	436
435	1787
435	1902
436	453
436	474
436	499
436	1489
436	1902
436	2259
436	2799
439	1787
442	499
442	1489
451	1902
453	474
453	499
453	1489
453	1902
453	2259
453	2799
454	466
454	472
454	1703
454	1705
454	1787
454	2182
456	2470
460	870
460	1489
460	2470
463	464
466	472
466	558
466	910
466	917
466	1408
466	1703
466	1705
466	1787
466	1902
466	2182
466	2340
470	2286
472	558
472	614
472	910
472	917
472	1046
472	1126
472	1408
472	1703
472	1705
472	1787
472	1902
472	2182
472	2325
472	2340
472	2405
474	499
474	714
474	1021
474	1422
474	1489
474	1583
474	2108
474	2259
474	2345
474	2735
474	2799
499	637
499	714
499	1021
499	1422
499	1489
499	1583
499	2108
499	2259
499	2345
499	2735
499	2799
504	1818
507	611
507	672
507	838
507	1431
507	1813
507	2016
507	2116
507	2123
507	2518
508	2065
509	1051
512	893
512	1489
512	1697
512	1883
528	535
530	558
530	589
530	1408
530	1703
530	1787
530	2349
530	2618
530	2625
531	574
531	1787
534	1540
534	1805
535	605
535	660
535	1408
535	1787
542	2026
547	983
547	1601
547	1818
547	2458
555	2026
556	1489
556	2111
556	2586
557	910
557	917
557	1112
557	1126
558	589
558	614
558	910
558	917
558	1046
558	1093
558	1126
558	1408
558	1703
558	1705
558	1787
558	2182
558	2325
558	2349
558	2618
558	2625
562	569
562	1112
562	1456
562	1787
562	1818
562	2116
562	2349
562	2587
568	983
568	1601
568	1818
568	2458
568	2587
569	575
569	2313
571	584
572	614
572	1787
572	2305
580	983
580	1522
580	1601
580	1818
580	1973
580	2116
580	2458
580	2587
588	1818
589	1787
589	2618
590	596
594	595
594	597
594	2461
597	603
597	1787
597	2461
605	611
605	660
605	672
605	677
605	838
605	1431
605	1813
605	2016
605	2123
605	2802
611	672
611	677
611	838
611	1431
611	1489
611	1813
611	2016
611	2116
611	2123
614	910
614	917
614	1126
614	1408
614	1703
614	1705
614	1787
614	2182
614	2305
614	2325
619	983
619	1505
619	1601
619	1818
619	2458
634	2393
637	1489
639	776
639	820
639	821
645	736
645	1460
645	1818
645	1828
645	2259
645	2372
645	2495
645	2587
646	2650
647	985
647	1990
654	1787
656	2344
660	894
660	1787
665	1112
672	677
672	838
672	1431
672	1813
672	2016
672	2088
672	2123
672	2414
672	2518
672	2802
677	838
677	1332
677	1431
677	1813
677	2016
677	2123
677	2518
677	2802
684	874
693	2187
693	2794
696	1025
696	1619
697	821
697	969
702	857
702	1787
705	1126
714	1168
714	1489
714	2259
714	2799
715	821
719	893
719	1753
719	1818
719	1887
719	2145
719	2259
723	1883
738	2205
745	1000
753	2767
753	2770
774	874
774	1489
776	820
776	1818
782	1112
782	1489
784	872
796	2238
806	862
806	2575
820	1818
828	829
834	1797
835	848
838	1431
838	1813
838	2016
838	2088
838	2123
838	2414
838	2518
838	2802
848	969
851	876
854	935
854	1139
854	1159
854	1596
854	2504
862	1431
874	1787
874	2548
879	1736
885	1131
885	1139
885	1159
885	1196
885	1949
885	2104
885	2107
885	2116
887	1032
893	1818
893	1881
893	1883
893	1887
894	983
894	1601
894	1818
894	2116
894	2458
894	2587
896	1408
896	1435
896	1512
896	1787
896	1933
897	1787
897	2187
897	2769
898	1273
903	2141
903	2495
910	917
910	1023
910	1112
910	1126
910	1408
910	1435
910	1703
910	1705
910	1787
910	1803
910	2182
910	2325
912	1475
912	2393
913	1401
917	1046
917	1112
917	1126
917	1408
917	1703
917	1705
917	1787
917	2182
917	2325
923	1818
923	1928
935	2504
952	1112
952	1374
968	983
968	1601
968	1818
968	2108
968	2279
968	2458
974	1489
983	1059
983	1060
983	1081
983	1090
983	1104
983	1112
983	1310
983	1391
983	1485
983	1505
983	1601
983	1678
983	1784
983	1801
983	1818
983	1968
983	1973
983	1976
983	2116
983	2145
983	2259
983	2349
983	2363
983	2374
983	2425
983	2458
983	2587
983	2630
983	2715
985	1032
989	990
989	1001
989	2653
991	2132
993	1410
1001	1787
1004	1787
1007	1151
1007	1446
1007	2010
1007	2407
1009	1938
1014	2257
1020	1788
1021	1408
1021	1489
1021	1787
1021	1902
1021	2322
1021	2325
1021	2799
1022	1023
1022	1619
1023	1026
1023	1127
1023	1408
1023	1619
1023	1787
1026	1787
1040	1087
1040	1553
1040	2704
1040	2705
1046	1093
1046	1408
1046	1703
1046	1705
1046	1787
1046	1803
1046	2104
1046	2182
1046	2325
1046	2405
1046	2712
1051	1107
1059	1081
1059	1087
1059	1090
1059	1095
1059	1601
1059	1818
1059	2116
1059	2458
1059	2587
1059	2704
1060	1081
1060	1558
1060	1601
1060	1797
1060	1818
1060	2116
1060	2349
1060	2363
1060	2458
1060	2587
1063	2356
1064	1101
1064	1140
1070	1489
1070	2259
1073	2431
1077	1558
1081	1090
1081	1601
1081	1818
1081	2116
1081	2349
1081	2458
1081	2587
1087	1139
1087	2704
1090	1601
1090	1818
1090	2458
1090	2587
1093	1408
1093	1703
1093	1787
1093	2182
1093	2325
1093	2575
1101	1140
1104	1601
1104	1818
1104	2458
1104	2587
1107	2109
1108	1538
1109	2611
1112	1126
1112	1408
1112	1601
1112	1787
1112	1818
1112	2349
1112	2458
1112	2587
1112	2630
1120	1450
1120	1489
1120	2108
1126	1408
1126	1703
1126	1705
1126	1787
1126	2182
1126	2325
1131	1139
1131	1159
1131	1196
1131	1221
1131	1489
1131	2042
1131	2104
1131	2107
1131	2116
1131	2544
1132	1431
1132	2545
1132	2548
1132	2712
1139	1159
1139	1180
1139	1196
1139	1527
1139	1621
1139	1808
1139	1949
1139	2104
1139	2280
1139	2504
1139	2677
1146	1730
1146	2259
1146	2384
1146	2425
1146	2737
1147	1253
1147	1332
1151	2407
1153	1487
1159	1180
1159	1196
1159	1949
1159	2104
1159	2504
1159	2677
1168	1489
1168	2259
1173	1195
1190	2341
1196	2104
1196	2107
1196	2116
1198	1655
1201	1743
1201	2414
1201	2700
1201	2709
1204	2575
1206	2095
1206	2677
1221	1244
1221	1529
1226	1699
1226	2414
1226	2518
1227	1529
1227	2481
1230	1787
1235	2036
1236	1239
1239	1489
1239	1716
1239	2259
1239	2332
1244	1529
1248	1260
1248	1302
1254	1347
1254	1431
1254	2088
1258	1259
1258	1818
1258	2095
1258	2399
1265	1298
1265	1583
1268	1431
1270	2478
1276	1315
1276	2070
1282	2247
1294	1353
1298	1489
1298	1583
1298	2259
1306	2589
1307	2085
1310	1601
1310	1818
1310	2458
1310	2587
1313	1325
1313	2247
1315	2259
1316	1787
1320	1325
1320	1351
1320	1584
1321	1326
1325	1584
1325	2617
1326	1489
1351	1584
1380	1431
1380	1791
1391	1601
1391	1661
1391	1801
1391	1818
1391	2458
1391	2587
1393	2095
1406	2055
1408	1435
1408	1703
1408	1705
1408	1787
1408	1902
1408	2171
1408	2182
1408	2305
1408	2322
1408	2325
1408	2340
1408	2405
1408	2575
1408	2618
1410	1787
1410	1990
1422	1489
1422	1568
1422	1928
1422	2259
1422	2735
1422	2799
1424	1787
1431	1510
1431	1655
1431	1724
1431	1803
1431	1813
1431	2016
1431	2088
1431	2123
1431	2414
1431	2518
1431	2802
1434	1818
1434	1968
1435	1512
1435	1703
1435	1787
1435	1902
1435	1933
1435	2182
1450	2108
1475	2393
1480	2089
1485	1601
1485	1678
1485	1818
1485	2363
1485	2458
1485	2587
1485	2715
1489	1583
1489	1716
1489	1753
1489	1902
1489	1950
1489	2010
1489	2065
1489	2095
1489	2108
1489	2109
1489	2126
1489	2259
1489	2311
1489	2332
1489	2345
1489	2470
1489	2548
1489	2734
1489	2735
1489	2799
1496	2445
1500	1928
1505	1601
1505	1818
1505	2458
1505	2587
1512	1787
1512	1933
1527	2619
1542	1818
1542	2458
1554	2436
1567	1607
1582	2482
1583	2259
1583	2799
1585	1725
1593	1603
1596	2504
1601	1678
1601	1784
1601	1801
1601	1818
1601	1968
1601	1973
1601	1976
1601	2116
1601	2145
1601	2259
1601	2349
1601	2363
1601	2374
1601	2425
1601	2458
1601	2587
1601	2630
1601	2715
1603	1682
1628	2190
1654	1655
1655	1803
1655	2518
1661	1801
1662	1818
1662	2458
1678	1818
1678	2116
1678	2349
1678	2363
1678	2458
1678	2587
1678	2715
1698	1900
1699	2414
1703	1705
1703	1787
1703	1902
1703	2171
1703	2182
1703	2325
1703	2340
1703	2405
1703	2618
1705	1787
1705	1902
1705	2182
1705	2325
1705	2340
1705	2405
1710	2095
1724	2484
1737	2390
1743	2709
1753	2259
1755	1968
1763	2165
1767	1773
1769	1784
1769	2165
1773	1814
1784	1818
1784	2165
1784	2349
1784	2458
1784	2587
1787	1803
1787	1902
1787	2171
1787	2182
1787	2211
1787	2305
1787	2322
1787	2325
1787	2338
1787	2340
1787	2369
1787	2380
1787	2405
1787	2448
1787	2572
1787	2575
1787	2618
1787	2625
1787	2705
1787	2733
1800	1802
1801	1818
1801	2116
1801	2458
1801	2587
1801	2708
1801	2783
1803	2405
1803	2518
1805	2345
1813	2016
1813	2088
1813	2123
1813	2414
1813	2518
1813	2802
1818	1968
1818	1973
1818	1976
1818	1977
1818	2116
1818	2145
1818	2259
1818	2279
1818	2349
1818	2363
1818	2374
1818	2425
1818	2458
1818	2587
1818	2630
1818	2715
1818	2737
1818	2767
1840	2522
1846	2760
1858	2386
1860	2339
1881	1883
1893	1962
1899	2507
1902	2182
1903	1962
1910	1919
1946	1949
1946	2255
1947	2791
1949	1955
1949	2104
1949	2255
1949	2790
1955	2790
1957	1958
1962	1964
1968	2458
1968	2587
1968	2715
1972	1977
1973	1976
1973	1977
1973	2116
1973	2145
1973	2349
1973	2363
1973	2458
1973	2587
1976	1977
1976	2116
1976	2458
1976	2587
1995	2259
1995	2493
1995	2677
2016	2088
2016	2123
2016	2414
2016	2518
2016	2802
2051	2210
2051	2712
2065	2734
2065	2735
2088	2123
2095	2552
2095	2677
2100	2618
2104	2107
2104	2116
2104	2504
2107	2109
2107	2116
2108	2259
2108	2548
2108	2799
2111	2586
2116	2145
2116	2349
2116	2363
2116	2374
2116	2458
2116	2587
2116	2630
2116	2715
2123	2414
2123	2518
2123	2802
2126	2667
2126	2734
2126	2735
2138	2140
2145	2349
2145	2363
2145	2458
2145	2587
2145	2630
2145	2715
2148	2167
2161	2712
2182	2325
2182	2340
2182	2405
2210	2712
2211	2530
2232	2390
2259	2345
2259	2363
2259	2458
2259	2470
2259	2493
2259	2587
2259	2630
2259	2734
2259	2735
2259	2799
2301	2311
2322	2325
2345	2568
2345	2799
2349	2363
2349	2374
2349	2458
2349	2587
2349	2625
2349	2630
2349	2715
2363	2458
2363	2587
2363	2630
2363	2715
2374	2458
2374	2587
2385	2712
2397	2677
2407	2510
2414	2518
2425	2458
2425	2737
2425	2742
2447	2448
2448	2619
2458	2587
2458	2630
2458	2715
2481	2552
2481	2553
2493	2677
2511	2512
2518	2802
2545	2548
2545	2712
2587	2630
2587	2715
2630	2715
2667	2734
2667	2735
2667	2736
2696	2697
2698	2699
2700	2709
2705	2706
2734	2735
2735	2799
2737	2742
2759	2760
